fixIdx,legIdx,tickLead,togo,area
2573,2,60.25144015493,25.084,24.185410089707478
2574,2,61.25144015493,25.075,27.650798880581252
2575,2,62.25144015493,25.065,31.212872093675692
2576,2,63.25144015493,25.056,28.532028888048302
2577,2,64.25144015493,25.046,32.19125654642806
2578,2,65.25144015493,25.035,35.94643111838703
2579,2,66.25144015493,25.026,29.849520110364686
2580,2,67.25144015493,25.015,37.01862248471879
2581,2,68.25144015493,25.006,30.726047591908944
2582,2,69.25144015493,24.997,31.16501785860386
2583,2,70.25144015493,24.989,28.092707900671552
2584,2,71.25144015493,24.979,35.60291961662099
2585,2,72.25144015493,24.971,28.871675485906845
2586,2,73.25144015493,24.962,32.918977451306326
2587,2,74.25144015493,24.951,40.767233456980385
2588,2,75.25144015493,24.942,33.790680932850584
2589,2,76.25144015493,24.933,34.227365199545495
2590,2,77.25144015493,24.925,30.812818425952603
2591,2,78.25144015493,24.916,35.101170258858126
2592,2,79.25144015493,24.908,31.588990034230378
2593,2,80.25144015493,24.898,39.97003228357068
2594,2,81.25144015493,24.889,36.407389058942876
2595,2,82.25144015493,24.881,32.74923341208332
2596,2,83.25144015493,24.872,37.2780801182555
2597,2,84.25144015493,24.863,37.712208384950415
2598,2,85.25144015493,24.854,38.146012651645336
2599,2,86.25144015493,24.853,4.287300335771113
2600,2,87.25144015493,24.842,47.695563503503784
2601,2,88.25144015493,24.833,39.45501260726682
2602,2,89.25144015493,24.824,39.88762887394599
2603,2,90.25144015493,24.815,40.31992114065666
2604,2,91.25144015493,24.806,40.75188940735158
2605,2,92.25144015493,24.798,36.6083234995734
2606,2,93.25144015493,24.787,50.86259926090069
2607,2,94.25144015493,24.778,42.044153681513535
2608,2,95.25144015493,24.77,37.756146854367614
2609,2,96.25144015493,24.763,33.37335809634901
2610,2,97.25144015493,24.754,43.34039605936666
2611,2,98.25144015493,24.745,43.77013232606158
2612,2,99.25144015493,24.737,39.289278093983086
2613,2,100.25144015493,24.727,49.5883723582247
2614,2,101.25144015493,24.718,45.05739712614633
2615,2,102.25144015493,24.71,40.43267347181859
2616,2,103.25144015493,24.702,40.81488128747871
2617,2,104.25144015493,24.695,36.04795872533901
2618,2,105.25144015493,24.688,36.38342308420389
2619,2,106.25144015493,24.681,36.71869144305014
2620,2,107.25144015493,24.672,47.638622933698144
2621,2,108.25144015493,24.663,48.06526320039306
2622,2,109.25144015493,24.655,43.10450020448195
2623,2,110.25144015493,24.648,38.05008727771747
2624,2,111.25144015493,24.643,27.418473683377815
2625,2,112.25144015493,24.636,38.721471035771586
2626,2,113.25144015493,24.631,27.89779351055913
2627,2,114.25144015493,24.623,45.01872346712242
2628,2,115.25144015493,24.617,34.049885479373806
2629,2,116.25144015493,24.609,45.78074714452763
2630,2,117.25144015493,24.602,40.390424350258186
2631,2,118.25144015493,24.596,34.9064061164548
2632,2,119.25144015493,24.59,35.193008012763656
2633,2,120.25144015493,24.583,41.391868467177176
2634,2,121.25144015493,24.578,29.804210247276636
2635,2,122.25144015493,24.572,36.05194970169022
2636,2,123.25144015493,24.566,36.337975597999076
2637,2,124.25144015493,24.56,36.623857494307934
2638,2,125.25144015493,24.554,36.909595390616786
2639,2,126.25144015493,24.548,37.19518928692564
2640,2,127.25144015493,24.543,31.234502243222128
2641,2,128.25144015493,24.538,31.473544671214338
2642,2,129.25144015493,24.535,19.02826776816936
2643,2,130.25144015493,24.531,25.56366865057572
2644,2,131.25144015493,24.528,19.317193207682866
2645,2,132.25144015493,24.524,25.948790569904126
2646,2,133.25144015493,24.523,6.53558338528684
2647,2,134.25144015493,24.522,6.584361882406589
2657,3,144.25144015493,24.52,14.148758256148312
2658,3,145.25144015493,24.51,71.21678110794802
2659,3,146.25144015493,24.5,71.6778308199424
2660,3,147.25144015493,24.491,64.92595774167404
2661,3,148.25144015493,24.479,87.11847629264636
2662,3,149.25144015493,24.468,80.35951265389134
2663,3,150.25144015493,24.456,88.21081749768089
2664,3,151.25144015493,24.445,81.35981342517287
2665,3,152.25144015493,24.433,89.30095070271541
2666,3,153.25144015493,24.423,74.87252360210431
2667,3,154.25144015493,24.413,75.33023331404662
2668,3,155.25144015493,24.401,90.94132559667649
2669,3,156.25144015493,24.39,83.86030418258524
2670,3,157.25144015493,24.379,84.35895033406771
2671,3,158.25144015493,24.368,84.85711248557759
2672,3,159.25144015493,24.356,93.11240604128167
2673,3,160.25144015493,24.345,85.84845925685944
2674,3,161.25144015493,24.334,86.34514740831419
2675,3,162.25144015493,24.322,94.73407286614288
2676,3,163.25144015493,24.31,95.27092845137828
2677,3,164.25144015493,24.297,103.7890067709239
2678,3,165.25144015493,24.283,112.39080947816575
2679,3,166.25144015493,24.272,88.79572544397138
2680,3,167.25144015493,24.261,89.28935559542516
2681,3,168.25144015493,24.25,89.78250174690764
2682,3,169.25144015493,24.24,82.07002333113839
2683,3,170.25144015493,24.23,82.52087304307815
2684,3,171.25144015493,24.217,107.85604077543053
2685,3,172.25144015493,24.208,75.07148390552521
2686,3,173.25144015493,24.198,83.86409212137873
2687,3,174.25144015493,24.192,50.5921631345843
2688,3,175.25144015493,24.184,67.82370935147169
2689,3,176.25144015493,24.177,59.665871281340344
2690,3,177.25144015493,24.168,77.12298786861375
2691,3,178.25144015493,24.159,77.52921613530866
2692,3,179.25144015493,24.151,69.27709659106972
2693,3,180.25144015493,24.144,60.936703115989026
2694,3,181.25144015493,24.14,35.006178145743164
2695,3,182.25144015493,24.138,17.59747005558967
2696,3,183.25144015493,24.135,26.538290311797816
2697,3,184.25144015493,24.131,35.57232004208329
2698,3,185.25144015493,24.127,35.759455995998394
2699,3,186.25144015493,24.121,53.91755690757242
2700,3,187.25144015493,24.113,72.25508771545519
2701,3,188.25144015493,24.106,63.5410733497949
2702,3,189.25144015493,24.095,100.34319533601101
2703,3,190.25144015493,24.084,100.82736548746107
2704,3,191.25144015493,24.074,92.10286854979287
2705,3,192.25144015493,24.062,111.05058387957675
2706,3,193.25144015493,24.052,92.98099791615756
2707,3,194.25144015493,24.042,93.42328762809345
2708,3,195.25144015493,24.035,65.7097244183136
2709,3,196.25144015493,24.026,84.88836418757803
2710,3,197.25144015493,24.016,94.76353687924629
2711,3,198.25144015493,24.007,85.68566019501125
2712,3,199.25144015493,23.997,95.64866133198755
2713,3,200.25144015493,23.987,96.08865104395663
2714,3,201.25144015493,23.978,86.87722794324996
2715,3,202.25144015493,23.967,106.66639828053633
2716,3,203.25144015493,23.956,107.14460643198434
2717,3,204.25144015493,23.945,107.62233058346682
2718,3,205.25144015493,23.935,98.27438954619585
2719,3,206.25144015493,23.924,108.58086441811517
2720,3,207.25144015493,23.913,109.05715856959765
2721,3,208.25144015493,23.901,119.4880123148184
2722,3,209.25144015493,23.891,100.00544827885977
2723,3,210.25144015493,23.88,110.48313702404506
2724,3,211.25144015493,23.87,100.87256267395901
2725,3,212.25144015493,23.86,101.30761238596394
2726,3,213.25144015493,23.851,91.56995515109026
2727,3,214.25144015493,23.843,81.74806549398485
2728,3,215.25144015493,23.835,82.10206530964498
2729,3,216.25144015493,23.827,82.45580912530511
2730,3,217.25144015493,23.819,82.80929694100202
2731,3,218.25144015493,23.809,103.94879591696939
2732,3,219.25144015493,23.8,93.94507632902813
2733,3,220.25144015493,23.79,104.81766036974757
2734,3,221.25144015493,23.78,105.24931008167927
2735,3,222.25144015493,23.772,84.54800385800608
2736,3,223.25144015493,23.765,74.28892597449203
2737,3,224.25144015493,23.759,63.94395265153979
2738,3,225.25144015493,23.753,64.21287854784865
2739,3,226.25144015493,23.744,96.71638187735206
2740,3,227.25144015493,23.736,86.3191870284391
2741,3,228.25144015493,23.726,108.33269852634982
2742,3,229.25144015493,23.715,119.63509329628204
2743,3,230.25144015493,23.707,87.3518703602071
2744,3,231.25144015493,23.7,76.74055916398926
2745,3,232.25144015493,23.694,66.04394852821902
2746,3,233.25144015493,23.691,33.15785847522533
2747,3,234.25144015493,23.688,33.29579694930255
2748,3,235.25144015493,23.687,11.145036977313834
2749,3,236.25144015493,23.686,11.191939474473177
2776,3,263.25144015493,23.682,49.87877686905155
2777,3,264.25144015493,23.678,50.05979282292219
2811,3,298.25144015493,23.672,84.73323414801882
2812,3,299.25144015493,23.664,113.32292936937765
2813,3,300.25144015493,23.656,113.66318518508825
2814,3,301.25144015493,23.649,99.75489563567277
2815,3,302.25144015493,23.643,85.76445064684495
2816,3,303.25144015493,23.639,57.35333837364075
2817,3,304.25144015493,23.637,28.767582169512995
2882,3,369.25144015493,23.629,139.624308562888
2883,3,370.25144015493,23.622,122.46325559134954
2884,3,371.25144015493,23.617,87.68773390737624
2885,3,372.25144015493,23.614,52.7454233098745
2907,3,394.25144015493,23.605,167.5454287740871
2908,3,395.25144015493,23.594,205.21019996258363
2909,3,396.25144015493,23.584,186.9435044363221
2910,3,397.25144015493,23.572,224.79346694335905
2911,3,398.25144015493,23.562,187.71183380258736
2912,3,399.25144015493,23.552,188.10332351462313
2913,3,400.25144015493,23.54,226.18368983732012
2914,3,401.25144015493,23.53,188.86905288088798
2915,3,402.25144015493,23.518,227.10150907691838
2916,3,403.25144015493,23.507,208.59188870612687
2917,3,404.25144015493,23.495,228.0075142819529
2918,3,405.25144015493,23.484,209.4213814774084
2919,3,406.25144015493,23.472,228.9113114869874
2920,3,407.25144015493,23.46,229.35749507222278
2921,3,408.25144015493,23.447,248.94805394354702
2922,3,409.25144015493,23.436,211.05628795660468
2923,3,410.25144015493,23.423,249.91163904489045
2924,3,411.25144015493,23.41,250.38180305804974
2925,3,412.25144015493,23.399,212.26785428431847
2926,3,413.25144015493,23.386,251.3415921594616
2927,3,414.25144015493,23.374,232.4447680997431
2928,3,415.25144015493,23.362,232.8862956849785
2929,3,416.25144015493,23.351,213.88788876351475
2930,3,417.25144015493,23.339,233.777636890013
2931,3,418.25144015493,23.326,253.7301449127509
2932,3,419.25144015493,23.315,215.097370622912
2933,3,420.25144015493,23.303,235.09537964571922
2934,3,421.25144015493,23.291,235.53347523095462
2935,3,422.25144015493,23.281,196.65094070898473
2936,3,423.25144015493,23.271,197.0320104208838
2937,3,424.25144015493,23.26,217.14928138032437
2938,3,425.25144015493,23.248,237.33112774471482
2939,3,426.25144015493,23.235,257.57479400541416
2940,3,427.25144015493,23.225,198.501019095941
2941,3,428.25144015493,23.213,238.64568453498472
2942,3,429.25144015493,23.2,258.9970121948734
2943,3,430.25144015493,23.188,239.50204567089176
2944,3,431.25144015493,23.177,219.94470325060126
2945,3,432.25144015493,23.165,240.37675487592628
2946,3,433.25144015493,23.152,260.86979039748894
2947,3,434.25144015493,23.14,241.22841201183337
2948,3,435.25144015493,23.128,241.65856359706876
2949,3,436.25144015493,23.116,242.08813918230416
2950,3,437.25144015493,23.102,282.92441885511454
2951,3,438.25144015493,23.088,283.3996762905738
2952,3,439.25144015493,23.075,263.6031350143704
2953,3,440.25144015493,23.066,182.82277530170455
2954,3,441.25144015493,23.055,223.86053438522515
2955,3,442.25144015493,23.044,224.26084053670763
2956,3,443.25144015493,23.031,265.49653136683344
2957,3,444.25144015493,23.02,225.04045377630578
2958,3,445.25144015493,23.007,266.4166444681041
2959,3,446.25144015493,22.993,287.3859274598344
2960,3,447.25144015493,22.98,267.29937595711516
2961,3,448.25144015493,22.968,247.15508606687405
2962,3,449.25144015493,22.957,226.95059628025092
2963,3,450.25144015493,22.944,268.67088760920336
2964,3,451.25144015493,22.932,248.4193328225802
2965,3,452.25144015493,22.919,269.5703501730291
2966,3,453.25144015493,22.906,270.0132141863305
2967,3,454.25144015493,22.894,249.65659150915897
2968,3,455.25144015493,22.883,229.24049693567852
2969,3,456.25144015493,22.873,208.76240895724823
2970,3,457.25144015493,22.862,230.03634077040118
2971,3,458.25144015493,22.85,251.371077988281
2972,3,459.25144015493,22.839,230.810129541683
2973,3,460.25144015493,22.827,252.21410719331527
2974,3,461.25144015493,22.816,231.5818943129648
2975,3,462.25144015493,22.803,274.1368298295212
2976,3,463.25144015493,22.793,211.2241266530749
2977,3,464.25144015493,22.782,232.74085323565404
2978,3,465.25144015493,22.771,233.12958738713652
2979,3,466.25144015493,22.759,254.7411368430572
2980,3,467.25144015493,22.748,233.89532415841808
2981,3,468.25144015493,22.736,255.5753820480917
2982,3,469.25144015493,22.723,277.3121158340743
2983,3,470.25144015493,22.712,235.02461601781528
2984,3,471.25144015493,22.701,235.41035816929778
2985,3,472.25144015493,22.689,257.22591442359703
2986,3,473.25144015493,22.678,236.1699789405793
2987,3,474.25144015493,22.664,301.0491231930537
2988,3,475.25144015493,22.649,323.0260276161174
2989,3,476.25144015493,22.636,280.3716040764442
2990,3,477.25144015493,22.625,237.60965176135858
2991,3,478.25144015493,22.612,281.2505851777876
2992,3,479.25144015493,22.601,238.3523490009567
2993,3,480.25144015493,22.588,282.127070279054
2994,3,481.25144015493,22.574,304.2798855638631
2995,3,482.25144015493,22.56,304.72311099939964
2996,3,483.25144015493,22.549,239.78888135341936
2997,3,484.25144015493,22.536,283.8221903319643
2998,3,485.25144015493,22.526,218.66400396264874
2999,3,486.25144015493,22.515,240.9137622761834
3000,3,487.25144015493,22.504,241.2912984276659
3001,3,488.25144015493,22.49,307.55739417669656
3002,3,489.25144015493,22.478,264.00790513057456
3003,3,490.25144015493,22.464,308.46032312826395
3004,3,491.25144015493,22.451,286.83925964922145
3005,3,492.25144015493,22.438,287.2567736625275
3006,3,493.25144015493,22.427,243.42698448804327
3007,3,494.25144015493,22.417,221.6421158230327
3008,3,495.25144015493,22.408,199.79681224451022
3009,3,496.25144015493,22.404,88.95207814492059
3010,4,497.25144015493,22.369,779.2203555519869
3056,4,543.25144015493,22.367,48.60579285351496
3057,4,544.25144015493,22.359,194.73751929893376
3058,4,545.25144015493,22.351,195.0255351146805
3059,4,546.25144015493,22.342,219.72254053360692
3060,4,547.25144015493,22.333,220.03612280030183
3061,4,548.25144015493,22.325,195.87050251548933
3062,4,549.25144015493,22.315,245.18584288511198
3063,4,550.25144015493,22.304,270.06835909106945
3064,4,551.25144015493,22.296,196.68651384725737
3065,4,552.25144015493,22.286,246.20473704982194
3066,4,553.25144015493,22.277,221.89089534862575
3067,4,554.25144015493,22.269,197.51747722519806
3068,4,555.25144015493,22.262,173.08131317072232
3069,4,556.25144015493,22.253,222.85379572647884
3070,4,557.25144015493,22.241,297.5321469390528
3071,4,558.25144015493,22.231,248.2655804656511
3072,4,559.25144015493,22.222,223.74363842287244
3073,4,560.25144015493,22.212,248.94212491848054
3074,4,561.25144015493,22.204,199.42835172734902
3075,4,562.25144015493,22.195,224.67061522295717
3076,4,563.25144015493,22.185,249.97098914079703
3077,4,564.25144015493,22.173,300.34878458872
3078,4,565.25144015493,22.161,300.71828817386637
3079,4,566.25144015493,22.15,276.002843211826
3080,4,567.25144015493,22.139,276.35298936321936
3081,4,568.25144015493,22.129,251.5535475277344
3082,4,569.25144015493,22.118,277.06435319795725
3083,4,570.25144015493,22.108,252.19940192286919
3084,4,571.25144015493,22.096,303.0191839273138
3085,4,572.25144015493,22.085,278.1090496523152
3086,4,573.25144015493,22.075,253.14783597245668
3087,4,574.25144015493,22.062,329.4945655834884
3088,4,575.25144015493,22.051,279.1367345751694
3089,4,576.25144015493,22.041,254.0807849930612
3090,4,577.25144015493,22.032,228.97082449754276
3091,4,578.25144015493,22.023,229.27380476423767
3092,4,579.25144015493,22.016,178.56757921091773
3093,4,580.25144015493,22.008,204.3599152110226
3094,4,581.25144015493,22.0,204.63770702668273
3095,4,582.25144015493,21.99,256.13240852419375
3096,4,583.25144015493,21.982,205.17385861191806
3097,4,584.25144015493,21.973,231.1269484680983
3098,4,585.25144015493,21.962,282.84324225525563
3099,4,586.25144015493,21.952,257.44645742958477
3100,4,587.25144015493,21.942,257.7681471416453
3101,4,588.25144015493,21.934,206.48096150587895
3102,4,589.25144015493,21.926,206.7565453216309
3103,4,590.25144015493,21.918,207.0318731371992
3104,4,591.25144015493,21.911,181.3977155937985
3105,4,592.25144015493,21.906,129.75340676640923
3106,4,593.25144015493,21.898,207.89428867634953
3107,4,594.25144015493,21.892,156.13362338631222
3108,4,595.25144015493,21.886,156.3535052826211
3109,4,596.25144015493,21.879,182.6646099486087
3110,4,597.25144015493,21.872,182.9124343075663
3111,4,598.25144015493,21.863,235.4807406165917
3112,4,599.25144015493,21.858,130.99936107504243
3113,4,600.25144015493,21.855,78.71637361048036
3126,4,613.25144015493,21.848,187.6064938236752
3127,4,614.25144015493,21.841,187.85221818244472
3128,4,615.25144015493,21.834,188.09774654140494
3129,4,616.25144015493,21.825,242.14429463152598
3130,4,617.25144015493,21.816,242.4372308982209
3131,4,618.25144015493,21.806,269.69364322432995
3132,4,619.25144015493,21.796,270.0060129363948
3133,4,620.25144015493,21.787,243.29176664646005
3134,4,621.25144015493,21.777,270.6419773890399
3135,4,622.25144015493,21.769,216.77248970396505
3136,4,623.25144015493,21.758,298.4109197918392
3137,4,624.25144015493,21.749,244.43376666139412
3138,4,625.25144015493,21.738,299.093403158171
3139,4,626.25144015493,21.728,272.2064509776877
3140,4,627.25144015493,21.717,299.7603269929162
3141,4,628.25144015493,21.706,300.08618514430185
3142,4,629.25144015493,21.695,300.41155929578434
3143,4,630.25144015493,21.685,273.4030747392514
3144,4,631.25144015493,21.675,273.7106244511232
3145,4,632.25144015493,21.664,301.4125968135986
3146,4,633.25144015493,21.653,301.73607896517854
3147,4,634.25144015493,21.643,274.60550352942386
3148,4,635.25144015493,21.631,329.8784498551858
3149,4,636.25144015493,21.619,330.2144974404212
3150,4,637.25144015493,21.608,303.0111480393276
3151,4,638.25144015493,21.598,275.76291723338215
3152,4,639.25144015493,21.586,331.26521029981853
3153,4,640.25144015493,21.576,276.34532659961593
3154,4,641.25144015493,21.566,276.6486963116832
3155,4,642.25144015493,21.556,276.95166602355386
3156,4,643.25144015493,21.544,332.68964484814245
3157,4,644.25144015493,21.533,305.27661216307183
3158,4,645.25144015493,21.521,333.36786605317695
3159,4,646.25144015493,21.51,305.89730293435343
3160,4,647.25144015493,21.501,250.55038523254277
3161,4,648.25144015493,21.491,278.6962591514511
3162,4,649.25144015493,21.482,251.10253924000978
3163,4,650.25144015493,21.475,195.52995780308856
3164,4,651.25144015493,21.466,251.68849282524522
3165,4,652.25144015493,21.458,223.97792653775653
3166,4,653.25144015493,21.45,224.2377023533172
3167,4,654.25144015493,21.441,252.5534866771755
3168,4,655.25144015493,21.432,252.8333549438704
3169,4,656.25144015493,21.422,281.22999216393777
3170,4,657.25144015493,21.412,281.5270818760067
3171,4,658.25144015493,21.402,281.8237715878757
3172,4,659.25144015493,21.393,253.91398843288172
3173,4,660.25144015493,21.384,254.19218269957662
3174,4,661.25144015493,21.373,311.0044060937261
3175,4,662.25144015493,21.362,311.3144682453091
3176,4,663.25144015493,21.352,283.30122014772047
3177,4,664.25144015493,21.342,283.5955098597902
3178,4,665.25144015493,21.332,283.8893995716584
3179,4,666.25144015493,21.322,284.1828892837283
3180,4,667.25144015493,21.311,312.9162371293546
3181,4,668.25144015493,21.301,284.7553036788633
3182,4,669.25144015493,21.29,313.544968964003
3183,4,670.25144015493,21.28,285.32603807389694
3184,4,671.25144015493,21.27,285.6174877859674
3185,4,672.25144015493,21.262,228.73758602133069
3186,4,673.25144015493,21.253,257.6095648036914
3187,4,674.25144015493,21.244,257.8829710703863
3188,4,675.25144015493,21.236,229.47744942222616
3189,4,676.25144015493,21.228,229.7307292378863
3190,4,677.25144015493,21.221,201.24052468199807
3191,4,678.25144015493,21.214,201.4711990408629
3192,4,679.25144015493,21.207,201.7016773996254
3193,4,680.25144015493,21.2,201.93195975859265
3194,4,681.25144015493,21.192,231.0368884083569
3195,4,682.25144015493,21.185,202.3823849561602
3196,4,683.25144015493,21.176,260.4889283076368
3197,4,684.25144015493,21.169,202.82239063346265
3198,4,685.25144015493,21.163,174.0483837878376
3199,4,686.25144015493,21.159,116.1741338009866
3200,4,687.25144015493,21.157,58.1634638831598
3230,4,717.25144015493,21.155,60.696685871637165
3231,4,718.25144015493,21.148,212.6893347101621
3232,4,719.25144015493,21.14,243.32563921014665
3233,4,720.25144015493,21.131,274.01173764111184
3234,4,721.25144015493,21.122,274.2753339078067
3235,4,722.25144015493,21.114,244.04009461104212
3236,4,723.25144015493,21.105,274.8145729671193
3237,4,724.25144015493,21.096,275.07721523381423
3238,4,725.25144015493,21.089,214.1631240205944
3239,4,726.25144015493,21.081,245.00818585064022
3240,4,727.25144015493,21.073,245.25245766630036
3241,4,728.25144015493,21.064,276.176978404285
3242,4,729.25144015493,21.056,245.72856527457816
3243,4,730.25144015493,21.05,184.48780283498792
3244,4,731.25144015493,21.045,153.9101468665783
3245,4,732.25144015493,21.039,184.89641764488746
3246,4,733.25144015493,21.032,215.94034937135115
3247,4,734.25144015493,21.025,216.162889730216
3248,4,735.25144015493,21.017,247.2915283759213
3249,4,736.25144015493,21.01,216.59707492767365
3250,4,737.25144015493,21.003,216.81901328664844
3251,4,738.25144015493,20.997,186.0393629190494
3252,4,739.25144015493,20.991,186.23813681535827
3253,4,740.25144015493,20.983,248.5705115924769
3254,4,741.25144015493,20.977,186.61746257341227
3255,4,742.25144015493,20.97,217.94654812129707
3256,4,743.25144015493,20.963,218.16733848005123
3257,4,744.25144015493,20.956,218.3879328390268
3258,4,745.25144015493,20.95,187.3830411068021
3259,4,746.25144015493,20.943,218.83898107680764
3260,4,747.25144015493,20.936,219.05900143578359
3261,4,748.25144015493,20.927,281.9164503528632
3262,4,749.25144015493,20.92,219.47747511307756
3263,4,750.25144015493,20.913,219.6968794720538
3264,4,751.25144015493,20.906,219.91608783091866
3265,4,752.25144015493,20.9,188.69174224270918
3266,4,753.25144015493,20.892,251.83907349561093
3267,4,754.25144015493,20.885,220.57253690740131
3268,4,755.25144015493,20.878,220.79096126637813
3269,4,756.25144015493,20.87,252.57588098867635
3270,4,757.25144015493,20.862,252.81293680444875
3271,4,758.25144015493,20.855,221.42382730253598
3272,4,759.25144015493,20.848,221.64143966151323
3273,4,760.25144015493,20.839,285.2334160716579
3274,4,761.25144015493,20.832,222.05476133880592
3275,4,762.25144015493,20.823,285.76425365689335
3276,4,763.25144015493,20.816,222.46718701632398
3277,4,764.25144015493,20.809,222.68376337507584
3278,4,765.25144015493,20.802,222.90014373405373
3279,4,766.25144015493,20.795,223.11632809280533
3280,4,767.25144015493,20.787,255.23079507626366
3281,4,768.25144015493,20.779,255.46511489181043
3282,4,769.25144015493,20.771,255.6991787074706
3283,4,770.25144015493,20.764,223.9467549678915
3284,4,771.25144015493,20.755,288.19429689414375
3285,4,772.25144015493,20.748,224.35526064518302
3286,4,773.25144015493,20.739,288.7189424793792
3287,4,774.25144015493,20.732,224.76287032270227
3288,4,775.25144015493,20.723,289.2424360646146
3289,4,776.25144015493,20.715,257.33045741709157
3290,4,777.25144015493,20.707,257.56247323275176
3291,4,778.25144015493,20.698,290.01150791654493
3292,4,779.25144015493,20.691,225.76706499605353
3293,4,780.25144015493,20.682,290.5320855017803
3294,4,781.25144015493,20.674,258.47547647234984
3295,4,782.25144015493,20.667,226.37339751204672
3296,4,783.25144015493,20.657,323.6708251296739
3297,4,784.25144015493,20.649,259.1543198962878
3298,4,785.25144015493,20.639,324.2146146112182
3299,4,786.25144015493,20.631,259.5887754815231
3300,4,787.25144015493,20.623,259.81816729718327
3301,4,788.25144015493,20.616,227.54690798389123
3302,4,789.25144015493,20.608,260.288810951546
3303,4,790.25144015493,20.598,325.6310084302914
3304,4,791.25144015493,20.59,260.72051453678137
3305,4,792.25144015493,20.581,293.56005638357874
3306,4,793.25144015493,20.572,293.8020886502737
3307,4,794.25144015493,20.564,261.37861793767684
3308,4,795.25144015493,20.555,294.29949570958627
3309,4,796.25144015493,20.546,294.54057397628117
3310,4,797.25144015493,20.538,262.0342253385723
3311,4,798.25144015493,20.53,262.26072115423244
3312,4,799.25144015493,20.519,360.89319603620834
3313,4,800.25144015493,20.508,361.15107418757424
3314,4,801.25144015493,20.499,295.71226025791015
3315,4,802.25144015493,20.489,328.8268202906373
3316,4,803.25144015493,20.482,230.37010328216118
3317,4,804.25144015493,20.474,263.5113758638535
3318,4,805.25144015493,20.465,296.69569837653535
3319,4,806.25144015493,20.458,230.95959379826922
3320,4,807.25144015493,20.448,330.21427410970995
3321,4,808.25144015493,20.438,330.4616838217963
3322,4,809.25144015493,20.428,330.70869353364793
3323,4,810.25144015493,20.418,330.95530324573446
3324,4,811.25144015493,20.408,331.20151295758586
3325,4,812.25144015493,20.397,364.5831201708334
3326,4,813.25144015493,20.388,298.51613988036286
3327,4,814.25144015493,20.377,365.1225595371654
3328,4,815.25144015493,20.369,265.745881444393
3329,4,816.25144015493,20.363,199.4853219623512
3330,4,817.25144015493,20.355,266.2147531217982
3331,4,818.25144015493,20.347,266.4357609374584
3332,4,819.25144015493,20.338,299.98120358434136
3333,4,820.25144015493,20.326,400.2564547495361
3334,4,821.25144015493,20.317,300.4031005399628
3335,4,822.25144015493,20.308,300.6356828066577
3336,4,823.25144015493,20.3,267.44475585446173
3337,4,824.25144015493,20.291,301.1147118659703
3338,4,825.25144015493,20.283,267.87001546273956
3339,4,826.25144015493,20.274,301.59251692528295
3340,4,827.25144015493,20.263,368.8772079251387
3341,4,828.25144015493,20.253,335.57435349322395
3342,4,829.25144015493,20.243,335.81366320519294
3343,4,830.25144015493,20.233,336.0525729170426
3344,4,831.25144015493,20.223,336.29108262913104
3345,4,832.25144015493,20.214,302.88376336991564
3346,4,833.25144015493,20.205,303.11270963661053
3347,4,834.25144015493,20.196,303.34133190318573
3348,4,835.25144015493,20.187,303.5696301700004
3349,4,836.25144015493,20.177,337.54453130418875
3350,4,837.25144015493,20.168,304.0101841774674
3351,4,838.25144015493,20.157,371.82738256669717
3352,4,839.25144015493,20.148,304.4342636590116
3353,4,840.25144015493,20.137,372.3448219330289
3354,4,841.25144015493,20.128,304.85690314055586
3355,4,842.25144015493,20.117,372.86050129936075
3356,4,843.25144015493,20.107,339.18945928797206
3357,4,844.25144015493,20.097,339.42284899982053
3358,4,845.25144015493,20.086,373.6121248172957
3359,4,846.25144015493,20.075,373.8493449686575
3360,4,847.25144015493,20.065,340.08672807812127
3361,4,848.25144015493,20.054,374.3409948034268
3362,4,849.25144015493,20.046,272.43986200167154
3363,4,850.25144015493,20.037,306.72565628158213
3364,4,851.25144015493,20.032,170.54396977780553
3365,4,852.25144015493,20.026,204.8369291383649
3366,4,853.25144015493,20.019,239.17917744707873
3367,4,854.25144015493,20.013,205.18436191357924
3368,4,855.25144015493,20.006,239.58415168497064
3369,4,856.25144015493,19.998,274.0278608956324
3370,4,857.25144015493,19.99,274.2381647114143
3371,4,858.25144015493,19.982,274.44821252695266
3372,4,859.25144015493,19.974,274.6580043426128
3373,4,860.25144015493,19.967,240.51511939864622
3374,4,861.25144015493,19.959,275.0905999969756
3375,4,862.25144015493,19.954,172.07520865448438
3376,4,863.25144015493,19.947,241.11216999540298
3377,4,864.25144015493,19.941,206.83956866940693
3378,4,865.25144015493,19.935,207.01659856571578
3379,4,866.25144015493,19.929,207.19348446202463
3380,4,867.25144015493,19.923,207.37022635833347
3381,4,868.25144015493,19.916,242.13188387025303
3382,4,869.25144015493,19.912,138.48218543400847
3383,4,870.25144015493,19.906,207.9100310645419
3384,4,871.25144015493,19.9,208.08620896085074
3385,4,872.25144015493,19.893,242.9665109065229
3386,4,873.25144015493,19.887,208.4276537361866
3387,4,874.25144015493,19.881,208.60338763249547
3388,4,875.25144015493,19.873,278.35796601532206
3389,4,876.25144015493,19.865,278.5638378311059
3390,4,877.25144015493,19.857,278.7694536466423
3391,4,878.25144015493,19.848,313.83876088217534
3392,4,879.25144015493,19.84,279.16584925492015
3393,4,880.25144015493,19.832,279.3706810705803
3394,4,881.25144015493,19.824,279.5752568862405
3395,4,882.25144015493,19.816,279.7795767020248
3396,4,883.25144015493,19.808,279.98364051756073
3397,4,884.25144015493,19.798,350.2166253878163
3398,4,885.25144015493,19.789,315.4000388526064
3399,4,886.25144015493,19.78,315.6127491194258
3400,4,887.25144015493,19.771,315.82513538612073
3401,4,888.25144015493,19.763,280.92905948064913
3402,4,889.25144015493,19.754,316.26494244543335
3403,4,890.25144015493,19.747,246.16075496297023
3404,4,891.25144015493,19.738,316.7195680306687
3405,4,892.25144015493,19.729,316.9303882973636
3406,4,893.25144015493,19.719,352.3698281122467
3407,4,894.25144015493,19.711,282.08267428256534
3408,4,895.25144015493,19.704,247.00434859587176
3409,4,896.25144015493,19.696,282.49845393680283
3410,4,897.25144015493,19.687,318.0280812086066
3411,4,898.25144015493,19.679,282.88452954520625
3412,4,899.25144015493,19.669,353.8374566720915
3413,4,900.25144015493,19.663,212.4521378650503
3414,4,901.25144015493,19.657,212.62323976135914
3415,4,902.25144015493,19.65,248.25358150724026
3416,4,903.25144015493,19.644,212.95417253669498
3417,4,904.25144015493,19.638,213.12483043287764
3418,4,905.25144015493,19.632,213.2953443293127
3419,4,906.25144015493,19.625,249.0369895031862
3420,4,907.25144015493,19.62,178.02541384436574
3421,4,908.25144015493,19.614,213.80602201823928
3422,4,909.25144015493,19.609,178.31784618594864
3423,4,910.25144015493,19.604,178.46844861406765
3424,4,911.25144015493,19.597,250.05377393851876
3425,4,912.25144015493,19.589,285.9798794713842
3426,4,913.25144015493,19.582,250.4108051360861
3427,4,914.25144015493,19.576,214.80154736152866
3428,4,915.25144015493,19.569,250.7926233741051
3429,4,916.25144015493,19.562,250.97684573284258
3430,4,917.25144015493,19.555,251.1608720918348
3431,4,918.25144015493,19.548,251.34470245069963
3432,4,919.25144015493,19.54,287.45360234217554
3433,4,920.25144015493,19.532,287.64851415783573
3434,4,921.25144015493,19.524,287.8431699734959
3435,4,922.25144015493,19.516,288.0375697892839
3436,4,923.25144015493,19.507,324.2523685423768
3437,4,924.25144015493,19.5,252.36593148291576
3438,4,925.25144015493,19.491,324.6883101277402
3439,4,926.25144015493,19.484,252.70454916019287
3440,4,927.25144015493,19.477,252.886503519186
3441,4,928.25144015493,19.47,253.0682618780508
3442,4,929.25144015493,19.463,253.24982423678713
3443,4,930.25144015493,19.455,289.62820438369323
3444,4,931.25144015493,19.447,289.8203481992248
3445,4,932.25144015493,19.439,290.01223601488493
3446,4,933.25144015493,19.434,181.3914161656769
3447,4,934.25144015493,19.426,290.44008771546163
3448,4,935.25144015493,19.419,254.30889534965138
3449,4,936.25144015493,19.413,218.13909554458573
3450,4,937.25144015493,19.405,291.05781123144055
3451,4,938.25144015493,19.397,291.24825904723
3452,4,939.25144015493,19.389,291.4384508627608
3453,4,940.25144015493,19.382,255.18142010365088
3454,4,941.25144015493,19.376,218.88613990515697
3455,4,942.25144015493,19.37,219.05084580146584
3456,4,943.25144015493,19.365,182.68422267209954
3457,4,944.25144015493,19.362,109.70407656864407
3458,4,945.25144015493,19.358,146.40054305111443
3459,4,946.25144015493,19.354,146.52514300515955
3460,4,947.25144015493,19.35,146.64967895894438
3461,4,948.25144015493,19.347,110.08345793903017
3462,4,949.25144015493,19.345,73.45687344503888
3463,4,950.25144015493,19.341,147.045708855253
3464,4,951.25144015493,19.337,147.1700128092987
3465,4,952.25144015493,19.334,110.47354632669808
3466,4,953.25144015493,19.325,331.6657268245575
3467,4,954.25144015493,19.318,258.1259688132712
3468,4,955.25144015493,19.312,221.40817879911808
3469,4,956.25144015493,19.307,184.6473718368107
3470,4,957.25144015493,19.303,147.83791241744547
3471,4,958.25144015493,19.299,147.96168837149185
3472,4,959.25144015493,19.297,74.04653716839832
3473,4,960.25144015493,19.295,74.11604715687704
3474,4,961.25144015493,19.292,111.27542796377908
3476,4,963.25144015493,19.29,74.32833412820587
3477,4,964.25144015493,19.286,148.78785422158387
3478,4,965.25144015493,19.283,111.68634838601074
3479,4,966.25144015493,19.28,111.78466286008795
3480,4,967.25144015493,19.277,111.88294133416515
3481,4,968.25144015493,19.271,223.94493909056195
3482,4,969.25144015493,19.268,112.0619437563968
3483,4,970.25144015493,19.262,224.30272793502525
3484,4,971.25144015493,19.257,187.05817111660156
3485,4,972.25144015493,19.251,224.6367507449248
3486,4,973.25144015493,19.245,224.79772464123366
3487,4,974.25144015493,19.24,187.4703333719083
3488,4,975.25144015493,19.234,225.1309434509999
3489,4,976.25144015493,19.228,225.29149734744206
3490,4,977.25144015493,19.221,263.0203843576728
3491,4,978.25144015493,19.216,188.00525302613784
3492,4,979.25144015493,19.21,225.7722950363686
3493,4,980.25144015493,19.204,225.93227293267748
3494,4,981.25144015493,19.2,150.73592123089009
3495,4,982.25144015493,19.199,37.717473050421255
3496,4,983.25144015493,19.196,113.25581713424992
3497,4,984.25144015493,19.192,151.1337771387203
3498,4,985.25144015493,19.186,226.87187862160403
3499,4,986.25144015493,19.178,302.69240200079656
3500,4,987.25144015493,19.171,265.02073834956474
3501,4,988.25144015493,19.163,303.0690456551593
3502,4,989.25144015493,19.155,303.2490934708195
3503,4,990.25144015493,19.149,227.58354698217528
3504,4,991.25144015493,19.142,265.692062264862
3505,4,992.25144015493,19.135,265.86285862359193
3506,4,993.25144015493,19.129,228.03463863653812
3507,4,994.25144015493,19.124,190.16550170133
3508,4,995.25144015493,19.116,304.46732057216263
3509,4,996.25144015493,19.111,190.41851901397467
3510,4,997.25144015493,19.103,304.8717322726104
3511,4,998.25144015493,19.097,228.79923008351867
3512,4,999.25144015493,19.089,305.2593239501512
3513,4,1000.25144015493,19.084,190.91299112513272
3514,4,1001.25144015493,19.079,191.05379355312496
3515,4,1002.25144015493,19.074,191.1944959811172
3516,4,1003.25144015493,19.066,306.1120794201745
3517,4,1004.25144015493,19.06,229.72854244408987
3518,4,1005.25144015493,19.054,229.8849203403987
3519,4,1006.25144015493,19.047,268.37430284932026
3520,4,1007.25144015493,19.042,191.82600052026748
3521,4,1008.25144015493,19.037,191.9660329483961
3522,4,1009.25144015493,19.031,230.52110294291597
3523,4,1010.25144015493,19.025,230.67677283922484
3524,4,1011.25144015493,19.019,230.83229873553367
3525,4,1012.25144015493,19.011,307.967378152702
3526,4,1013.25144015493,19.003,308.14192196836217
3527,4,1014.25144015493,18.994,346.84660774411503
3528,4,1015.25144015493,18.985,347.0241100108099
3529,4,1016.25144015493,18.975,385.7690466827347
3530,4,1017.25144015493,18.965,385.9451963948408
3531,4,1018.25144015493,18.956,347.5180157590491
3532,4,1019.25144015493,18.947,347.694186025744
3533,4,1020.25144015493,18.939,309.2259684936434
3534,4,1021.25144015493,18.929,386.72749535792934
3535,4,1022.25144015493,18.92,348.22075282569125
3536,4,1023.25144015493,18.912,309.69318787163394
3537,4,1024.25144015493,18.904,309.8647396871565
3538,4,1025.25144015493,18.896,310.0360355028167
3539,4,1026.25144015493,18.889,271.4383746638344
3540,4,1027.25144015493,18.88,349.18433678891716
3541,4,1028.25144015493,18.871,349.35768105561203
3542,4,1029.25144015493,18.863,310.70219074241476
3543,4,1030.25144015493,18.855,310.8721905580749
3544,4,1031.25144015493,18.846,349.9128949075424
3545,4,1032.25144015493,18.84,233.40856664208098
3546,4,1033.25144015493,18.832,311.39718602809785
3547,4,1034.25144015493,18.824,311.56617784375806
3548,4,1035.25144015493,18.815,350.69246060393596
3549,4,1036.25144015493,18.805,389.8377917863456
3550,4,1037.25144015493,18.795,390.0065414981761
3551,4,1038.25144015493,18.788,273.1442271274557
3552,4,1039.25144015493,18.78,312.3407848298889
3553,4,1040.25144015493,18.772,312.5081766456878
3554,4,1041.25144015493,18.765,273.598187163587
3555,4,1042.25144015493,18.758,273.75880552259076
3556,4,1043.25144015493,18.748,391.2818851444302
3557,4,1044.25144015493,18.74,313.1751839083287
3558,4,1045.25144015493,18.731,352.4995504262826
3559,4,1046.25144015493,18.723,313.4904115166067
3560,4,1047.25144015493,18.715,313.6559953321276
3561,4,1048.25144015493,18.708,274.60099551448246
3562,4,1049.25144015493,18.699,353.2441375967531
3563,4,1050.25144015493,18.692,274.88966119188785
3564,4,1051.25144015493,18.683,353.6147031821279
3565,4,1052.25144015493,18.673,393.079047984337
3566,4,1053.25144015493,18.665,314.61041818000353
3567,4,1054.25144015493,18.657,314.7741779956637
3568,4,1055.25144015493,18.648,354.29539477483036
3569,4,1056.25144015493,18.639,354.4600270415253
3570,4,1057.25144015493,18.632,275.8337289820179
3571,4,1058.25144015493,18.622,394.2409915153792
3572,4,1059.25144015493,18.615,276.10342113940106
3573,4,1060.25144015493,18.605,394.6255860255864
3574,4,1061.25144015493,18.596,355.3165334268454
3575,4,1062.25144015493,18.589,276.4987386151847
3576,4,1063.25144015493,18.582,276.65483497390915
3577,4,1064.25144015493,18.574,316.3466120831378
3578,4,1065.25144015493,18.565,356.061359123239
3579,4,1066.25144015493,18.557,316.6510876915562
3580,4,1067.25144015493,18.548,356.40328218255155
3581,4,1068.25144015493,18.538,396.17172909577846
3582,4,1069.25144015493,18.529,356.7054881900186
3583,4,1070.25144015493,18.522,277.5772027643196
3584,4,1071.25144015493,18.513,357.06417377511303
3585,4,1072.25144015493,18.505,317.54083049334764
3586,4,1073.25144015493,18.495,397.10303285724507
3587,4,1074.25144015493,18.488,278.103287078806
3588,4,1075.25144015493,18.479,357.7393798938792
3589,4,1076.25144015493,18.472,278.37996875607007
3590,4,1077.25144015493,18.464,318.3148735486062
3591,4,1078.25144015493,18.457,278.67084995363746
3592,4,1079.25144015493,18.451,238.998072919438
3593,4,1080.25144015493,18.443,318.8383730645728
3594,4,1081.25144015493,18.436,279.12830303037344
3595,4,1082.25144015493,18.427,359.05531354589425
3596,4,1083.25144015493,18.42,279.401960707637
3597,4,1084.25144015493,18.412,319.48119235039775
3598,4,1085.25144015493,18.405,279.6899159052044
3599,4,1086.25144015493,18.398,279.84118226421117
3600,4,1087.25144015493,18.39,319.98244784332127
3601,4,1088.25144015493,18.383,280.1278914617787
3602,4,1089.25144015493,18.375,320.30963549768404
3603,4,1090.25144015493,18.368,280.41376065934617
3604,4,1091.25144015493,18.36,320.6358631520468
3605,4,1092.25144015493,18.351,360.8787835757623
3606,4,1093.25144015493,18.344,280.8180311753117
3607,4,1094.25144015493,18.335,361.2244371609978
3608,4,1095.25144015493,18.328,281.0864248528596
3609,4,1096.25144015493,18.32,321.4033822303476
3610,4,1097.25144015493,18.312,321.5561180460077
3611,4,1098.25144015493,18.304,321.70859786181074
3612,4,1099.25144015493,18.297,281.6359137276895
3613,4,1100.25144015493,18.29,281.7842960866973
3614,4,1101.25144015493,18.284,241.66302103336758
3615,4,1102.25144015493,18.277,282.095904324446
3616,4,1103.25144015493,18.27,282.243712683454
3617,4,1104.25144015493,18.263,282.39132504217554
3618,4,1105.25144015493,18.256,282.5387414011837
3619,4,1106.25144015493,18.248,323.0608205712889
3620,4,1107.25144015493,18.24,323.2111243870926
3621,4,1108.25144015493,18.233,282.9487834373103
3622,4,1109.25144015493,18.224,363.9598177835683
3623,4,1110.25144015493,18.216,323.6604998339295
3624,4,1111.25144015493,18.21,242.8706697545101
3625,4,1112.25144015493,18.202,323.9943955113348
3626,4,1113.25144015493,18.192,405.1567291300486
3627,4,1114.25144015493,18.183,364.778065220734
3628,4,1115.25144015493,18.175,324.3864948891878
3629,4,1116.25144015493,18.169,243.41425404595387
3630,4,1117.25144015493,18.164,202.96548287570496
3631,4,1118.25144015493,18.157,284.31207390512935
3632,4,1119.25144015493,18.148,365.70981181343643
3633,4,1120.25144015493,18.139,365.8550760801313
3634,4,1121.25144015493,18.131,325.34231787531866
3635,4,1122.25144015493,18.122,366.16483313944394
3636,4,1123.25144015493,18.115,284.92283705831835
3637,4,1124.25144015493,18.108,285.0663194170385
3638,4,1125.25144015493,18.103,203.7323994972103
3639,4,1126.25144015493,18.097,244.62181280166007
3640,4,1127.25144015493,18.089,326.32576490767934
3641,4,1128.25144015493,18.081,326.47083672319457
3642,4,1129.25144015493,18.073,326.6156525388547
3643,4,1130.25144015493,18.064,367.59506663592225
3644,4,1131.25144015493,18.054,408.5853951552214
3645,4,1132.25144015493,18.046,326.99421591670773
3646,4,1133.25144015493,18.038,327.1379597323679
3647,4,1134.25144015493,18.031,286.3792063646965
3648,4,1135.25144015493,18.024,286.5204347234159
3649,4,1136.25144015493,18.017,286.66146708242616
3650,4,1137.25144015493,18.009,327.76496306413594
3651,4,1138.25144015493,17.999,409.8615785710512
3652,4,1139.25144015493,17.991,328.0132746493713
3653,4,1140.25144015493,17.98,451.17583009191134
3654,4,1141.25144015493,17.97,410.27989273576145
3655,4,1142.25144015493,17.961,369.38012846587503
3656,4,1143.25144015493,17.954,287.4191283120638
3657,4,1144.25144015493,17.945,369.69734205111047
3658,4,1145.25144015493,17.937,328.75129740507737
3659,4,1146.25144015493,17.928,369.9927711104231
3660,4,1147.25144015493,17.919,370.129701377118
3661,4,1148.25144015493,17.908,452.5224478107059
3662,4,1149.25144015493,17.899,370.36121685866226
3663,4,1150.25144015493,17.89,370.49713912535714
3664,4,1151.25144015493,17.879,452.970240391887
3665,4,1152.25144015493,17.87,370.7265306069014
3666,4,1153.25144015493,17.861,370.86144487359627
3667,4,1154.25144015493,17.85,453.41420497306814
3668,4,1155.25144015493,17.84,412.30923899135894
3669,4,1156.25144015493,17.829,453.6656588077165
3670,4,1157.25144015493,17.818,453.77796295919904
3671,4,1158.25144015493,17.809,371.38521652561127
3672,4,1159.25144015493,17.8,371.5180607923062
3673,4,1160.25144015493,17.791,371.65058105900107
3674,4,1161.25144015493,17.78,454.37562475522947
3675,4,1162.25144015493,17.769,454.4856409068587
3676,4,1163.25144015493,17.759,413.2799716581613
3677,4,1164.25144015493,17.75,372.07263949616674
3678,4,1165.25144015493,17.739,454.8896919562097
3679,4,1166.25144015493,17.729,413.6460607942152
3680,4,1167.25144015493,17.717,496.49273457279855
3681,4,1168.25144015493,17.705,496.58163015803393
3682,4,1169.25144015493,17.691,579.4155356601075
3683,4,1170.25144015493,17.68,455.3226005868885
3684,4,1171.25144015493,17.672,331.2486472988202
3685,4,1172.25144015493,17.663,372.79354174088417
3686,4,1173.25144015493,17.654,372.92149000757905
3687,4,1174.25144015493,17.646,331.6086066997157
3688,4,1175.25144015493,17.636,414.6522131155272
3689,4,1176.25144015493,17.627,373.3033908076638
3690,4,1177.25144015493,17.619,331.94723407756874
3691,4,1178.25144015493,17.613,249.0729284372404
3692,4,1179.25144015493,17.607,249.1994143335492
3693,4,1180.25144015493,17.601,249.3257562298581
3694,4,1181.25144015493,17.592,374.1460374003662
3695,4,1182.25144015493,17.583,374.2712496670611
3696,4,1183.25144015493,17.573,415.9838763007844
3697,4,1184.25144015493,17.561,499.28988118085863
3698,4,1185.25144015493,17.55,457.76899646804526
3699,4,1186.25144015493,17.539,457.8681446195278
3700,4,1187.25144015493,17.527,499.58590800569226
3701,4,1188.25144015493,17.517,416.41083468795875
3702,4,1189.25144015493,17.505,499.7995672452904
3703,4,1190.25144015493,17.495,416.5880040541426
3704,4,1191.25144015493,17.483,500.01111448488865
3705,4,1192.25144015493,17.474,375.0978023414772
3706,4,1193.25144015493,17.465,375.21910860817206
3707,4,1194.25144015493,17.458,291.9479013117748
3708,4,1195.25144015493,17.45,333.79069818338957
3709,4,1196.25144015493,17.442,333.9168419990497
3710,4,1197.25144015493,17.434,334.0427298147099
3711,4,1198.25144015493,17.426,334.16836163051846
3712,4,1199.25144015493,17.42,250.73469410169318
3713,4,1200.25144015493,17.413,292.65850890447734
3714,4,1201.25144015493,17.408,209.14388198813248
3888,4,1375.25144015493,17.406,95.75600727522449
3890,4,1377.25144015493,17.402,191.75747251554492
3891,4,1378.25144015493,17.399,143.8935851065006
3892,4,1379.25144015493,17.395,191.95869843506662
3893,4,1380.25144015493,17.391,192.05370638898168
3894,4,1381.25144015493,17.387,192.1486503427261
3895,4,1382.25144015493,17.383,192.24353029681185
3896,4,1383.25144015493,17.378,240.41601655607977
3897,4,1384.25144015493,17.373,240.520608984072
3898,4,1385.25144015493,17.367,288.74181018590457
3899,4,1386.25144015493,17.36,336.98247633589153
3900,4,1387.25144015493,17.352,385.234175925221
3901,4,1388.25144015493,17.343,433.4884534455941
3902,4,1389.25144015493,17.335,385.41169153349887
3903,4,1390.25144015493,17.325,481.86114915777404
3904,4,1391.25144015493,17.318,337.3798654889093
3905,4,1392.25144015493,17.309,433.8854155642193
3906,4,1393.25144015493,17.3,433.9713518309142
3907,4,1394.25144015493,17.291,434.05696409760907
3908,4,1395.25144015493,17.282,434.142252364304
3909,4,1396.25144015493,17.276,289.50994361325536
3910,4,1397.25144015493,17.269,337.87635700113435
3911,4,1398.25144015493,17.26,434.52201579383114
3912,4,1399.25144015493,17.254,289.7625852330545
3913,4,1400.25144015493,17.249,241.56437719845133
3914,4,1401.25144015493,17.245,193.33906870670947
3915,4,1402.25144015493,17.24,241.78320456883748
3916,4,1403.25144015493,17.238,96.76260630726972
3961,4,1448.25144015493,17.237,49.92846839940223
3962,4,1449.25144015493,17.235,99.9171912899861
3963,4,1450.25144015493,17.23,249.91457942464857
3964,4,1451.25144015493,17.223,349.99976107367706
3965,4,1452.25144015493,17.216,350.09861143236424
3966,4,1453.25144015493,17.209,350.1972657914068
3967,4,1454.25144015493,17.201,400.326336445805
3968,4,1455.25144015493,17.194,350.37361298897423
3969,4,1456.25144015493,17.187,350.4716653476612
3970,4,1457.25144015493,17.179,400.63922393904835
3971,4,1458.25144015493,17.171,400.7274957545306
3972,4,1459.25144015493,17.164,350.72378738393127
3973,4,1460.25144015493,17.154,501.1290892324472
3974,4,1461.25144015493,17.146,400.9673951784686
3975,4,1462.25144015493,17.136,501.28903871399143
3976,4,1463.25144015493,17.127,451.2184568462724
3977,4,1464.25144015493,17.119,401.1580385563216
3978,4,1465.25144015493,17.111,401.2444543719818
3979,4,1466.25144015493,17.102,451.48374469820266
3980,4,1467.25144015493,17.095,351.2291824929197
3981,4,1468.25144015493,17.087,401.5021658189623
3982,4,1469.25144015493,17.079,401.58755763462244
3983,4,1470.25144015493,17.071,401.6726934502826
3984,4,1471.25144015493,17.063,401.7575732661212
3985,4,1472.25144015493,17.054,452.0592214539088
3986,4,1473.25144015493,17.048,301.44492367299193
3987,4,1474.25144015493,17.044,201.04072039093606
3988,4,1475.25144015493,17.039,251.40497417395238
3989,4,1476.25144015493,17.035,201.20716628742352
3990,4,1477.25144015493,17.034,50.32847931469981
3991,4,1478.25144015493,17.029,251.7683940299368
3992,4,1479.25144015493,17.025,201.4977141722112
3993,4,1480.25144015493,17.019,302.36208017181804
3994,4,1481.25144015493,17.012,352.8592743192809
3995,4,1482.25144015493,17.005,352.95223067832484
3996,4,1483.25144015493,16.995,504.30548965257583
3997,4,1484.25144015493,16.987,403.50265951489337
3998,4,1485.25144015493,16.98,353.14674967409144
3999,4,1486.25144015493,16.972,403.68967116907703
4000,4,1487.25144015493,16.963,454.2288985949352
4001,4,1488.25144015493,16.954,454.29321686163007
4002,4,1489.25144015493,16.946,403.88499056997256
4003,4,1490.25144015493,16.935,555.4032994829216
4004,4,1491.25144015493,16.925,504.9377376363588
4005,4,1492.25144015493,16.916,454.4935288765641
4006,4,1493.25144015493,16.909,353.5646097427567
4007,4,1494.25144015493,16.901,404.1651295330609
4008,4,1495.25144015493,16.893,404.2442173487211
4009,4,1496.25144015493,16.883,505.37388642680816
4010,4,1497.25144015493,16.874,454.88445178780694
4011,4,1498.25144015493,16.864,505.4800708793697
4012,4,1499.25144015493,16.855,454.979333795274
4013,4,1500.25144015493,16.848,353.9408200128645
4014,4,1501.25144015493,16.841,354.02961837154965
4015,4,1502.25144015493,16.832,455.2678146990499
4016,4,1503.25144015493,16.824,404.74744375879004
4017,4,1504.25144015493,16.815,455.4136277583625
4018,4,1505.25144015493,16.807,404.87651136724764
4019,4,1506.25144015493,16.799,404.95268718272797
4020,4,1507.25144015493,16.79,455.6436176102927
4021,4,1508.25144015493,16.782,405.0801387910058
4022,4,1509.25144015493,16.777,253.2448454007461
4023,4,1510.25144015493,16.771,303.9954918859171
4024,4,1511.25144015493,16.77,50.688884554298454
4167,4,1654.25144015493,16.764,332.8420067649451
4168,4,1655.25144015493,16.753,610.269687716358
4169,4,1656.25144015493,16.741,665.6938288386159
4170,4,1657.25144015493,16.73,610.1684924876397
4171,4,1658.25144015493,16.721,499.231520321622
4172,4,1659.25144015493,16.709,665.6253077325769
4173,4,1660.25144015493,16.7,499.2060632772434
4174,4,1661.25144015493,16.691,499.2376215439383
4175,4,1662.25144015493,16.683,443.8078365097962
4176,4,1663.25144015493,16.674,499.3297046032509
4177,4,1664.25144015493,16.666,443.889144118074
4178,4,1665.25144015493,16.655,610.366275611384
4179,4,1666.25144015493,16.646,499.39055287741286
4180,4,1667.25144015493,16.637,499.4201671441077
4181,4,1668.25144015493,16.627,554.9271590532227
4182,4,1669.25144015493,16.62,388.4832184157
4183,4,1670.25144015493,16.611,499.53713047011524
4184,4,1671.25144015493,16.6,610.5432473687966
4185,4,1672.25144015493,16.592,444.0429584131278
4186,4,1673.25144015493,16.582,555.084432756886
4187,4,1674.25144015493,16.571,610.5710379499777
4188,4,1675.25144015493,16.561,555.0443071522182
4189,4,1676.25144015493,16.551,555.0403768641871
4190,4,1677.25144015493,16.541,555.036046575959
4191,4,1678.25144015493,16.532,499.5432889222149
4192,4,1679.25144015493,16.524,444.07468484604203
4193,4,1680.25144015493,16.516,444.12406066189936
4194,4,1681.25144015493,16.508,444.1731804773623
4195,4,1682.25144015493,16.5,444.22204429302246
4196,4,1683.25144015493,16.491,499.7893343593806
4197,4,1684.25144015493,16.48,610.8459965667876
4198,4,1685.25144015493,16.47,555.2903495311361
4199,4,1686.25144015493,16.461,499.76951558169685
4200,4,1687.25144015493,16.452,499.7925598481945
4201,4,1688.25144015493,16.445,388.76885338751765
4202,4,1689.25144015493,16.436,499.8984894336272
4203,4,1690.25144015493,16.426,555.4504282637998
4204,4,1691.25144015493,16.416,555.4407979755715
4205,4,1692.25144015493,16.407,499.90292118186636
4206,4,1693.25144015493,16.398,499.92402144856123
4207,4,1694.25144015493,16.389,499.94479771525613
4208,4,1695.25144015493,16.38,499.965249981951
4209,4,1696.25144015493,16.369,611.0559225499292
4210,4,1697.25144015493,16.361,444.4083170901179
4211,4,1698.25144015493,16.352,499.994094256113
4212,4,1699.25144015493,16.347,277.819114208075
4213,4,1700.25144015493,16.341,333.46691445471873
4214,4,1701.25144015493,16.334,389.1187356495169
4215,4,1702.25144015493,16.325,500.3444680561976
4216,4,1703.25144015493,16.317,444.7802680762488
4217,4,1704.25144015493,16.308,500.41082911551024
4218,4,1705.25144015493,16.299,500.42820338220514
4219,4,1706.25144015493,16.291,444.85387547714436
4220,4,1707.25144015493,16.283,444.8960672928045
4221,4,1708.25144015493,16.277,333.7240013486798
4222,4,1709.25144015493,16.27,389.41704635913817
4223,4,1710.25144015493,16.262,445.1031988089124
4224,4,1711.25144015493,16.256,333.87884598576073
4225,4,1712.25144015493,16.248,445.2401664863177
4226,4,1713.25144015493,16.241,389.6327822744353
4227,4,1714.25144015493,16.239,111.35777355240253
4259,4,1746.25144015493,16.237,113.42252354108162
4260,4,1747.25144015493,16.23,397.0960875524514
4261,4,1748.25144015493,16.225,283.6975024510848
4262,4,1749.25144015493,16.218,397.25675131070705
4263,4,1750.25144015493,16.213,283.8120222782662
4264,4,1751.25144015493,16.211,113.56515339130569
5357,4,2844.25144015493,16.21,92.21347594104807
5358,4,2845.25144015493,16.202,737.7623174263316
5359,4,2846.25144015493,16.193,829.8388386344022
5360,4,2847.25144015493,16.187,553.1640097933208
5361,4,2848.25144015493,16.18,645.325480544596
5362,4,2849.25144015493,16.172,737.4318607350572
5363,4,2850.25144015493,16.163,829.4659228567184
5364,4,2851.25144015493,16.154,829.2950351234133
5365,4,2852.25144015493,16.145,829.1238233901082
5366,4,2853.25144015493,16.135,921.0295648818283
5367,4,2854.25144015493,16.126,828.7290513975753
5368,4,2855.25144015493,16.119,644.4730788147035
5369,4,2856.25144015493,16.113,552.3761785144632
5370,4,2857.25144015493,16.108,460.3174932660684
5371,4,2858.25144015493,16.1,736.4684990759988
5372,4,2859.25144015493,16.093,644.3351712904871
5373,4,2860.25144015493,16.084,828.308795308818
5374,4,2861.25144015493,16.074,920.1212381248395
5375,4,2862.25144015493,16.067,643.9693647662707
5376,4,2863.25144015493,16.06,643.9137531251354
5377,4,2864.25144015493,16.054,551.8954244948334
5378,4,2865.25144015493,16.047,643.8420553627004
5379,4,2866.25144015493,16.04,643.785869721892
5380,4,2867.25144015493,16.032,735.6679055091104
5381,4,2868.25144015493,16.023,827.4761992275279
5382,4,2869.25144015493,16.016,643.4956282379999
5383,4,2870.25144015493,16.01,551.5360357341051
5384,4,2871.25144015493,16.005,459.6155742830356
5385,4,2872.25144015493,15.997,735.3423247026236
5386,4,2873.25144015493,15.99,643.3468567136202
5387,4,2874.25144015493,15.979,1010.7563871935353
5388,4,2875.25144015493,15.97,826.7526743534569
5389,4,2876.25144015493,15.962,734.7556878963001
5390,4,2877.25144015493,15.955,642.8326395079444
5391,4,2878.25144015493,15.949,550.9664036802383
5392,4,2879.25144015493,15.94,826.3480425759365
5393,4,2880.25144015493,15.931,826.1684428426313
5394,4,2881.25144015493,15.922,825.9885191091631
5395,4,2882.25144015493,15.913,825.8082713760211
5396,4,2883.25144015493,15.903,917.3352781996731
5397,4,2884.25144015493,15.896,642.0141808183764
5398,4,2885.25144015493,15.889,641.9540191774041
5399,4,2886.25144015493,15.88,825.2398980204061
5400,4,2887.25144015493,15.871,825.058084287264
5401,4,2888.25144015493,15.863,733.2461696150945
5402,4,2889.25144015493,15.857,549.8823340903072
5403,4,2890.25144015493,15.854,274.9582902562694
5404,4,2891.25144015493,15.85,366.65694263464724
5405,4,2892.25144015493,15.844,550.002102865643
5406,4,2893.25144015493,15.837,641.6276921288085
5407,4,2894.25144015493,15.829,733.1949288314875
5408,4,2895.25144015493,15.82,824.6863154652017
5409,4,2896.25144015493,15.811,824.5019637318966
5410,4,2897.25144015493,15.803,732.749656232383
5411,4,2898.25144015493,15.796,641.0729308023222
5412,4,2899.25144015493,15.79,549.4545359324226
5413,4,2900.25144015493,15.781,824.0745439540502
5414,4,2901.25144015493,15.773,732.3687035412713
5415,4,2902.25144015493,15.764,823.7547330135254
5416,4,2903.25144015493,15.757,640.5937205158349
5417,4,2904.25144015493,15.749,732.0107669880892
5418,4,2905.25144015493,15.742,640.4249117134025
5419,4,2906.25144015493,15.734,731.8173626426146
5420,4,2907.25144015493,15.727,640.2552629109699
5421,4,2908.25144015493,15.72,640.1904812698348
5422,4,2909.25144015493,15.712,731.54873013568
5423,4,2910.25144015493,15.705,640.0195864674022
5424,4,2911.25144015493,15.697,731.3529417900428
5425,4,2912.25144015493,15.692,457.06330227502457
5426,4,2913.25144015493,15.685,639.8636330641589
5427,4,2914.25144015493,15.679,548.4154930141361
5428,4,2915.25144015493,15.672,639.7723353020507
5429,4,2916.25144015493,15.665,639.7059996610778
5430,4,2917.25144015493,15.658,639.6394680197802
5431,4,2918.25144015493,15.65,730.9169287068839
5432,4,2919.25144015493,15.643,639.4649472173478
5433,4,2920.25144015493,15.636,639.3978135763748
5434,4,2921.25144015493,15.629,639.3304839350774
5435,4,2922.25144015493,15.623,547.957212046352
5436,4,2923.25144015493,15.616,639.2361621729692
5437,4,2924.25144015493,15.609,639.168258531834
5438,4,2925.25144015493,15.604,456.5293660078505
5439,4,2926.25144015493,15.598,547.8293846141434
5440,4,2927.25144015493,15.592,547.8058345106144
5441,4,2928.25144015493,15.588,365.21151961624486
5442,4,2929.25144015493,15.581,639.1128669672933
5443,4,2930.25144015493,15.576,456.489220604445
5444,4,2931.25144015493,15.57,547.7805441304135
5445,4,2932.25144015493,15.563,639.0284886043743
5446,4,2933.25144015493,15.556,638.9589609634012
5447,4,2934.25144015493,15.55,547.6369517846142
5448,4,2935.25144015493,15.543,638.860411201293
5449,4,2936.25144015493,15.537,547.55216855995
5450,4,2937.25144015493,15.532,456.287324970939
5451,4,2938.25144015493,15.528,365.0483589248083
5452,4,2939.25144015493,15.523,456.333482341325
5453,4,2940.25144015493,15.519,365.08514082111714
5454,4,2941.25144015493,15.513,547.6374881453476
5455,4,2942.25144015493,15.508,456.3579096253018
5456,4,2943.25144015493,15.501,638.8709873543197
5457,4,2944.25144015493,15.495,547.560105834274
5458,4,2945.25144015493,15.489,547.5340237304208
5459,4,2946.25144015493,15.485,365.02876842955715
5460,4,2947.25144015493,15.479,547.5521615577643
5461,4,2948.25144015493,15.474,456.286134135487
5462,4,2949.25144015493,15.467,638.7695216688061
5463,4,2950.25144015493,15.459,729.9158083059326
5464,4,2951.25144015493,15.454,456.16017884745605
5465,4,2952.25144015493,15.448,547.3828440220267
5466,4,2953.25144015493,15.443,456.14445118920105
5467,4,2954.25144015493,15.438,456.15119361703125
5468,4,2955.25144015493,15.432,547.3716717455169
5469,4,2956.25144015493,15.425,638.547354821995
5470,4,2957.25144015493,15.421,364.87751169219774
5471,4,2958.25144015493,15.416,456.11799830019714
5472,4,2959.25144015493,15.409,638.5324794994002
5473,4,2960.25144015493,15.405,364.8687515078579
5483,5,2970.25144015493,15.401,366.0062634616108
5484,5,2971.25144015493,15.393,731.9737347849667
5485,5,2972.25144015493,15.382,1006.18141877854
5486,5,2973.25144015493,15.373,822.9811323777151
5487,5,2974.25144015493,15.361,1096.9277251405388
5488,5,2975.25144015493,15.351,913.7592223003627
5489,5,2976.25144015493,15.341,913.471092012494
5490,5,2977.25144015493,15.332,821.8911008147185
5491,5,2978.25144015493,15.322,912.953196465235
5492,5,2979.25144015493,15.313,821.4243108221856
5493,5,2980.25144015493,15.302,1003.6443762438671
5494,5,2981.25144015493,15.289,1185.593016475124
5495,5,2982.25144015493,15.277,1093.8659702373486
5496,5,2983.25144015493,15.267,911.2043198809024
5497,5,2984.25144015493,15.261,546.619367790319
5498,5,2985.25144015493,15.252,819.8007947408958
5499,5,2986.25144015493,15.243,819.5916390077524
5500,5,2987.25144015493,15.232,1001.4013640260283
5501,5,2988.25144015493,15.221,1001.0134321773492
5502,5,2989.25144015493,15.209,1091.5550558870157
5503,5,2990.25144015493,15.198,1000.1703309486307
5504,5,2991.25144015493,15.187,999.7809251002748
5505,5,2992.25144015493,15.176,999.3910352515959
5506,5,2993.25144015493,15.164,1089.7829843316483
5507,5,2994.25144015493,15.153,998.5439300228776
5508,5,2995.25144015493,15.142,998.1525661745212
5509,5,2996.25144015493,15.132,907.0851609924842
5510,5,2997.25144015493,15.122,906.7884507044532
5511,5,2998.25144015493,15.112,906.4913404164223
5512,5,2999.25144015493,15.102,906.1938301283913
5513,5,3000.25144015493,15.092,905.8959198403603
5514,5,3001.25144015493,15.083,815.064859860106
5515,5,3002.25144015493,15.073,905.3589442931014
5516,5,3003.25144015493,15.063,905.0598540050705
5517,5,3004.25144015493,15.054,814.3113656083451
5518,5,3005.25144015493,15.045,814.09556787504
5519,5,3006.25144015493,15.036,813.8794461417349
5520,5,3007.25144015493,15.026,904.0399279393558
5521,5,3008.25144015493,15.015,994.0796966505675
5522,5,3009.25144015493,15.005,903.3772823344908
5523,5,3010.25144015493,14.996,812.7949811048234
5524,5,3011.25144015493,14.986,902.833406787232
5525,5,3012.25144015493,14.976,902.530776499201
5526,5,3013.25144015493,14.967,812.0320908530625
5527,5,3014.25144015493,14.956,992.1499042814067
5528,5,3015.25144015493,14.947,811.4855743346066
5529,5,3016.25144015493,14.939,721.1495243236825
5530,5,3017.25144015493,14.93,811.1005493939192
5531,5,3018.25144015493,14.92,900.9480548862274
5532,5,3019.25144015493,14.911,810.6056074013862
5533,5,3020.25144015493,14.901,900.3973593389686
5534,5,3021.25144015493,14.892,810.1092974088532
5535,5,3022.25144015493,14.883,809.887829675548
5536,5,3023.25144015493,14.875,719.727330848964
5537,5,3024.25144015493,14.866,809.4983587348606
5538,5,3025.25144015493,14.859,629.4791934102077
5539,5,3026.25144015493,14.85,809.162136320096
5540,5,3027.25144015493,14.844,539.3472255837834
5541,5,3028.25144015493,14.837,629.1707169666399
5542,5,3029.25144015493,14.829,718.9261857890101
5543,5,3030.25144015493,14.822,628.949898164367
5544,5,3031.25144015493,14.816,539.0413810997318
5545,5,3032.25144015493,14.808,718.6193333052777
5546,5,3033.25144015493,14.8,718.4680691207783
5547,5,3034.25144015493,14.792,718.316548936598
5548,5,3035.25144015493,14.784,718.1647727520987
5549,5,3036.25144015493,14.777,628.2824017570694
5550,5,3037.25144015493,14.768,807.6203441942679
5551,5,3038.25144015493,14.761,628.0156874344746
5552,5,3039.25144015493,14.753,717.6037360377818
5553,5,3040.25144015493,14.747,538.124504907443
5554,5,3041.25144015493,14.742,448.41731859355446
5555,5,3042.25144015493,14.738,358.7422898231892
5580,5,3067.25144015493,14.733,451.9748359639398
5581,5,3068.25144015493,14.723,903.784144212017
5582,5,3069.25144015493,14.713,903.4648539241465
5583,5,3070.25144015493,14.704,812.8582795352086
5584,5,3071.25144015493,14.695,812.625489802064
5585,5,3072.25144015493,14.684,992.8564256635196
5586,5,3073.25144015493,14.674,902.2451578006651
5587,5,3074.25144015493,14.664,901.9238875126341
5588,5,3075.25144015493,14.653,991.7286111811737
5589,5,3076.25144015493,14.644,811.1244459800016
5590,5,3077.25144015493,14.634,900.9576766485412
5591,5,3078.25144015493,14.627,630.5090077325845
5592,5,3079.25144015493,14.619,720.4463009502493
5593,5,3080.25144015493,14.611,720.2859967657496
5594,5,3081.25144015493,14.602,810.1133848912446
5595,5,3082.25144015493,14.593,809.8769771579393
5596,5,3083.25144015493,14.582,989.4924684316519
5597,5,3084.25144015493,14.572,899.1826648629088
5598,5,3085.25144015493,14.56,1078.5545394550022
5599,5,3086.25144015493,14.548,1078.0152830403974
5600,5,3087.25144015493,14.536,1077.4754506256327
5601,5,3088.25144015493,14.525,987.2244261256978
5602,5,3089.25144015493,14.516,807.4345596618846
5603,5,3090.25144015493,14.506,896.8527729617447
5604,5,3091.25144015493,14.496,896.5247426737137
5605,5,3092.25144015493,14.483,1164.9346082952375
5606,5,3093.25144015493,14.471,1074.7440263789908
5607,5,3094.25144015493,14.458,1163.6767988591369
5608,5,3095.25144015493,14.447,984.150671654551
5609,5,3096.25144015493,14.436,983.7193338058746
5610,5,3097.25144015493,14.426,893.9287106574969
5611,5,3098.25144015493,14.416,893.5976803694659
5612,5,3099.25144015493,14.404,1071.8451180632217
5613,5,3100.25144015493,14.392,1071.298085648457
5614,5,3101.25144015493,14.382,892.3540893901605
5615,5,3102.25144015493,14.37,1070.3512008880552
5616,5,3103.25144015493,14.36,891.5641387564924
5617,5,3104.25144015493,14.348,1069.402204127495
5618,5,3105.25144015493,14.337,979.8155131693758
5619,5,3106.25144015493,14.325,1068.3765453326878
5620,5,3107.25144015493,14.315,889.916812460353
5621,5,3108.25144015493,14.306,800.6513802180986
5622,5,3109.25144015493,14.297,800.4052704846356
5623,5,3110.25144015493,14.286,977.9034860535218
5624,5,3111.25144015493,14.276,888.6356363370322
5625,5,3112.25144015493,14.266,888.2988060490012
5626,5,3113.25144015493,14.254,1065.4791728786636
5627,5,3114.25144015493,14.245,798.7774661368085
5628,5,3115.25144015493,14.236,798.5292864033457
5629,5,3116.25144015493,14.227,798.2807826701983
5630,5,3117.25144015493,14.217,886.6709996376494
5631,5,3118.25144015493,14.208,797.7266746776653
5632,5,3119.25144015493,14.197,974.625708733698
5633,5,3120.25144015493,14.187,885.6521687735565
5634,5,3121.25144015493,14.178,796.8086738998243
5635,5,3122.25144015493,14.17,708.076670604175
5636,5,3123.25144015493,14.163,619.4375813773386
5637,5,3124.25144015493,14.155,707.7804182585377
5638,5,3125.25144015493,14.147,707.6069300740407
5639,5,3126.25144015493,14.139,707.433185889858
5640,5,3127.25144015493,14.129,884.0114371029767
5641,5,3128.25144015493,14.12,795.3297743964597
5642,5,3129.25144015493,14.113,618.4370913692301
5643,5,3130.25144015493,14.106,618.3279577280949
5644,5,3131.25144015493,14.1,529.9204687260798
5645,5,3132.25144015493,14.092,706.4354608067046
5646,5,3133.25144015493,14.085,617.9993808046894
5647,5,3134.25144015493,14.077,706.1343124612242
5648,5,3135.25144015493,14.071,529.5063452249059
5649,5,3136.25144015493,14.065,529.4494231212147
5650,5,3137.25144015493,14.057,705.8062800002178
5651,5,3138.25144015493,14.051,529.2598288792688
5652,5,3139.25144015493,14.044,617.3808844780406
5653,5,3140.25144015493,14.036,705.4260835164824
5654,5,3141.25144015493,14.03,528.9741775163496
5655,5,3142.25144015493,14.022,705.1714991937312
5656,5,3143.25144015493,14.015,616.8913843933376
5657,5,3144.25144015493,14.009,528.6870141534306
5658,5,3145.25144015493,14.002,616.7114666312294
5659,5,3146.25144015493,13.996,528.5324869287665
5660,5,3147.25144015493,13.989,616.5308208691213
5661,5,3148.25144015493,13.981,704.452742249146
5662,5,3149.25144015493,13.974,616.2612680666888
5663,5,3150.25144015493,13.968,528.1459544448744
5664,5,3151.25144015493,13.961,616.0791103045806
5665,5,3152.25144015493,13.955,527.9895072202102
5666,5,3153.25144015493,13.949,527.929969116519
5667,5,3154.25144015493,13.941,703.7765813272905
5668,5,3155.25144015493,13.933,703.5958291431069
5669,5,3156.25144015493,13.926,615.5100620989047
5670,5,3157.25144015493,13.918,703.2840727974697
5671,5,3158.25144015493,13.911,615.2368552964721
5672,5,3159.25144015493,13.905,527.2664283561172
5673,5,3160.25144015493,13.897,702.8904843134216
5674,5,3161.25144015493,13.889,702.7082601292377
5675,5,3162.25144015493,13.881,702.5257799447419
5676,5,3163.25144015493,13.873,702.3430437605581
5677,5,3164.25144015493,13.866,614.4121948891745
5678,5,3165.25144015493,13.858,702.027447414765
5679,5,3166.25144015493,13.849,789.5459578713837
5680,5,3167.25144015493,13.843,526.2451612846419
5681,5,3168.25144015493,13.835,701.526906884788
5682,5,3169.25144015493,13.828,613.6970181231679
5683,5,3170.25144015493,13.82,701.2088945391508
5684,5,3171.25144015493,13.812,701.0241583549666
5685,5,3172.25144015493,13.805,613.2564761592823
5686,5,3173.25144015493,13.797,700.7046900091739
5687,5,3174.25144015493,13.79,612.9765213570054
5688,5,3175.25144015493,13.783,612.8584557157146
5689,5,3176.25144015493,13.777,525.2249381440391
5690,5,3177.25144015493,13.769,700.1645453639845
5691,5,3178.25144015493,13.762,612.5030827923091
5692,5,3179.25144015493,13.755,612.3842331511739
5693,5,3180.25144015493,13.749,524.8178136601471
5694,5,3181.25144015493,13.741,699.6208167189506
5695,5,3182.25144015493,13.735,524.613243418201
5696,5,3183.25144015493,13.728,611.9514401067953
5697,5,3184.25144015493,13.719,786.583343501421
5698,5,3185.25144015493,13.711,698.9715760275209
5699,5,3186.25144015493,13.702,786.1023965607337
5700,5,3187.25144015493,13.695,611.2478939414439
5701,5,3188.25144015493,13.686,785.6776141459691
5702,5,3189.25144015493,13.678,698.1654112671192
5703,5,3190.25144015493,13.67,697.9759710829344
5704,5,3191.25144015493,13.661,784.9808379978992
5705,5,3192.25144015493,13.654,610.374436614795
5706,5,3193.25144015493,13.644,871.6937781334742
5707,5,3194.25144015493,13.637,609.9966147720381
5708,5,3195.25144015493,13.628,784.0667746424473
5709,5,3196.25144015493,13.618,870.8506673845937
5710,5,3197.25144015493,13.608,870.4836770965627
5711,5,3198.25144015493,13.599,783.1334423906864
5712,5,3199.25144015493,13.589,869.8124815493039
5713,5,3200.25144015493,13.579,869.4443112612729
5714,5,3201.25144015493,13.568,955.9481013048324
5715,5,3202.25144015493,13.558,868.6427256564078
5716,5,3203.25144015493,13.55,694.6699203176822
5717,5,3204.25144015493,13.541,781.2573818871646
5718,5,3205.25144015493,13.533,694.2318199261143
5719,5,3206.25144015493,13.524,780.763906946477
5720,5,3207.25144015493,13.514,867.1766443890715
5721,5,3208.25144015493,13.506,693.4956313038133
5722,5,3209.25144015493,13.5,520.014266356964
5723,5,3210.25144015493,13.497,260.0014743895978
5753,5,3240.25144015493,13.495,174.92173374538217
5754,5,3241.25144015493,13.493,174.94978773370553
5777,5,3264.25144015493,13.491,176.1651217223401
5778,5,3265.25144015493,13.489,176.19296771066237
5805,5,3292.25144015493,13.487,177.6235496992981
5806,5,3293.25144015493,13.48,621.663781106577
5807,5,3294.25144015493,13.475,443.9827378469501
5808,5,3295.25144015493,13.47,443.95275027478465
5809,5,3296.25144015493,13.469,88.79771754644219
5810,5,3297.25144015493,13.468,88.81806204340413
5842,5,3329.25144015493,13.462,537.940447700254
5843,5,3330.25144015493,13.455,627.4826461025225
5844,5,3331.25144015493,13.451,358.52260499519474
5845,5,3332.25144015493,13.448,268.9026944661926
5846,5,3333.25144015493,13.446,179.28892846311325
5847,5,3334.25144015493,13.442,358.60541089150354
5848,5,3335.25144015493,13.436,537.8693292509257
5849,5,3336.25144015493,13.427,806.5955019319675
5850,5,3337.25144015493,13.419,716.7348172991151
5851,5,3338.25144015493,13.412,626.9803707355493
5852,5,3339.25144015493,13.404,716.362932953637
5853,5,3340.25144015493,13.399,447.64379675243293
5854,5,3341.25144015493,13.393,537.1128515076466
5855,5,3342.25144015493,13.386,626.5150592114918
5856,5,3343.25144015493,13.377,805.2789446356692
5857,5,3344.25144015493,13.368,804.978042902523
5858,5,3345.25144015493,13.362,536.5114259720681
5859,5,3346.25144015493,13.357,447.0424611475678
5861,5,3348.25144015493,13.355,178.87698493873785
5862,5,3349.25144015493,13.352,268.34537463666334
5863,5,3350.25144015493,13.348,357.8068538085071
5864,5,3351.25144015493,13.341,626.0908478041941
5865,5,3352.25144015493,13.335,536.547956505299
5866,5,3353.25144015493,13.328,625.854202042086
5867,5,3354.25144015493,13.32,715.0727390179098
5868,5,3355.25144015493,13.313,625.5228812394946
5869,5,3356.25144015493,13.304,804.0001012434644
5870,5,3357.25144015493,13.295,803.6957795101594
5871,5,3358.25144015493,13.287,714.1523182575082
5872,5,3359.25144015493,13.278,803.146630569472
5873,5,3360.25144015493,13.271,624.4792083926835
5874,5,3361.25144015493,13.262,802.6567601547073
5875,5,3362.25144015493,13.254,713.2276734972648
5876,5,3363.25144015493,13.245,802.1051992140198
5877,5,3364.25144015493,13.236,801.7986814805565
5878,5,3365.25144015493,13.227,801.4918397474097
5879,5,3366.25144015493,13.22,623.1907628644129
5880,5,3367.25144015493,13.211,800.998405332645
5881,5,3368.25144015493,13.203,711.7519483220982
5882,5,3369.25144015493,13.195,711.5319961376003
5883,5,3370.25144015493,13.183,1066.8059098609215
5884,5,3371.25144015493,13.172,977.3426487580468
5885,5,3372.25144015493,13.162,888.0486942503804
5886,5,3373.25144015493,13.151,976.364016592853
5887,5,3374.25144015493,13.142,798.4727380439724
5888,5,3375.25144015493,13.132,886.8135633862875
5889,5,3376.25144015493,13.122,886.4010530982564
5890,5,3377.25144015493,13.11,1063.10471733777
5891,5,3378.25144015493,13.099,973.9465119451582
5892,5,3379.25144015493,13.089,884.9583671477543
5893,5,3380.25144015493,13.079,884.5441968597233
5894,5,3381.25144015493,13.069,884.1296265716924
5895,5,3382.25144015493,13.06,795.3736309183037
5896,5,3383.25144015493,13.049,971.6664303611449
5897,5,3384.25144015493,13.039,882.8835157075994
5898,5,3385.25144015493,13.029,882.4673454195683
5899,5,3386.25144015493,13.02,793.876173881392
5900,5,3387.25144015493,13.01,881.7015498723096
5901,5,3388.25144015493,12.999,969.3753487768178
5902,5,3389.25144015493,12.988,968.8412489284567
5903,5,3390.25144015493,12.976,1056.293860706075
5904,5,3391.25144015493,12.966,879.7584486051295
5905,5,3392.25144015493,12.956,879.3394183169422
5906,5,3393.25144015493,12.946,878.9199880289112
5907,5,3394.25144015493,12.937,790.6806902298005
5908,5,3395.25144015493,12.926,965.9252679639292
5909,5,3396.25144015493,12.914,1053.1096465632806
5910,5,3397.25144015493,12.903,964.7752447352109
5911,5,3398.25144015493,12.891,1051.8539717683152
5912,5,3399.25144015493,12.881,876.0550811567099
5913,5,3400.25144015493,12.871,875.632750868679
5914,5,3401.25144015493,12.86,962.6936088729799
5915,5,3402.25144015493,12.849,962.153305024307
5916,5,3403.25144015493,12.838,961.6125171759447
5917,5,3404.25144015493,12.826,1048.400507521518
5918,5,3405.25144015493,12.815,960.4545739472263
5919,5,3406.25144015493,12.807,698.19979519712
5920,5,3407.25144015493,12.799,697.9686430129352
5921,5,3408.25144015493,12.791,697.7372348284405
5922,5,3409.25144015493,12.784,610.3412390737079
5923,5,3410.25144015493,12.773,958.713756616523
5924,5,3411.25144015493,12.761,1045.2347312750314
5925,5,3412.25144015493,12.749,1044.5584108601122
5926,5,3413.25144015493,12.738,956.9289340076035
5927,5,3414.25144015493,12.728,869.4732717498359
5928,5,3415.25144015493,12.718,869.044881461805
5929,5,3416.25144015493,12.707,955.4401215252634
5930,5,3417.25144015493,12.696,954.8928216769002
5931,5,3418.25144015493,12.686,867.6205805401058
5932,5,3419.25144015493,12.676,867.1905502520749
5933,5,3420.25144015493,12.666,866.760119964044
5934,5,3421.25144015493,12.658,693.1181717639452
5935,5,3422.25144015493,12.648,866.0349494455882
5936,5,3423.25144015493,12.638,865.6033591575572
5937,5,3424.25144015493,12.626,1038.1234606089292
5938,5,3425.25144015493,12.617,778.172598934354
5939,5,3426.25144015493,12.608,777.8447332012025
5940,5,3427.25144015493,12.601,604.7830708840312
5941,5,3428.25144015493,12.593,690.9709342661838
5942,5,3429.25144015493,12.585,690.7335420816906
5943,5,3430.25144015493,12.575,863.0512623431154
5944,5,3431.25144015493,12.565,862.616612054931
5945,5,3432.25144015493,12.555,862.1815617669
5946,5,3433.25144015493,12.546,775.6023995939895
5947,5,3434.25144015493,12.537,775.2719598605314
5948,5,3435.25144015493,12.526,947.07477529072
5949,5,3436.25144015493,12.516,860.5060856435792
5950,5,3437.25144015493,12.508,688.1102403075728
5951,5,3438.25144015493,12.503,429.97053384848925
5952,5,3439.25144015493,12.498,429.92362627663425
5953,5,3440.25144015493,12.494,343.91505596937014
5954,5,3441.25144015493,12.487,601.761315585544
5955,5,3442.25144015493,12.481,515.6768037467493
5956,5,3443.25144015493,12.473,687.3831715009334
5957,5,3444.25144015493,12.466,601.2733066622911
5958,5,3445.25144015493,12.458,686.9555751552962
5959,5,3446.25144015493,12.449,772.5220615794789
5960,5,3447.25144015493,12.439,857.9519384257408
5961,5,3448.25144015493,12.43,771.7910855869459
5962,5,3449.25144015493,12.421,771.4561278536407
5963,5,3450.25144015493,12.411,856.7664376192539
5964,5,3451.25144015493,12.402,770.7231178611077
5965,5,3452.25144015493,12.393,770.3871701276506
5966,5,3453.25144015493,12.384,770.0508983944976
5967,5,3454.25144015493,12.373,940.6859319431579
5968,5,3455.25144015493,12.362,940.1220880944886
5969,5,3456.25144015493,12.351,939.5577602459712
5970,5,3457.25144015493,12.34,938.9929483976053
5971,5,3458.25144015493,12.329,938.4276525489363
5972,5,3459.25144015493,12.319,852.636294969369
5973,5,3460.25144015493,12.308,937.3717343837361
5974,5,3461.25144015493,12.298,851.675529364504
5975,5,3462.25144015493,12.288,851.229139076473
5976,5,3463.25144015493,12.278,850.782348788442
5977,5,3464.25144015493,12.268,850.335158500411
5978,5,3465.25144015493,12.257,934.838207267882
5979,5,3466.25144015493,12.246,934.2691494192136
5980,5,3467.25144015493,12.236,848.8524975787119
5981,5,3468.25144015493,12.226,848.403667290681
5982,5,3469.25144015493,12.216,847.9544370028005
5983,5,3470.25144015493,12.205,932.217114620194
5984,5,3471.25144015493,12.196,762.318057521013
5985,5,3472.25144015493,12.187,761.9751617877079
5986,5,3473.25144015493,12.177,846.2229808793292
5987,5,3474.25144015493,12.165,1014.8427426750541
5988,5,3475.25144015493,12.155,845.181150245661
5989,5,3476.25144015493,12.144,929.1637711875063
5990,5,3477.25144015493,12.134,844.2071046407959
5991,5,3478.25144015493,12.122,1012.4216031888142
5992,5,3479.25144015493,12.111,927.439701641954
5993,5,3480.25144015493,12.101,842.6384786902938
5994,5,3481.25144015493,12.091,842.1843484024124
5995,5,3482.25144015493,12.08,925.8644951597684
5996,5,3483.25144015493,12.072,673.0199102610503
5997,5,3484.25144015493,12.063,756.8316765731324
5998,5,3485.25144015493,12.052,924.5152232727824
5999,5,3486.25144015493,12.042,839.9774219909109
6000,5,3487.25144015493,12.032,839.52091170288
6001,5,3488.25144015493,12.022,839.064001414849
6002,5,3489.25144015493,12.01,1006.2442873176775
6003,5,3490.25144015493,12.001,754.2398459660689
6004,5,3491.25144015493,11.993,670.1526964405454
6005,5,3492.25144015493,11.983,837.3022052915283
6006,5,3493.25144015493,11.972,920.4892207381093
6007,5,3494.25144015493,11.962,836.3141396866631
6008,5,3495.25144015493,11.952,835.8544293986322
6009,5,3496.25144015493,11.944,668.3713953114641
6010,5,3497.25144015493,11.934,835.0736988803247
6011,5,3498.25144015493,11.924,834.6128285921454
6012,5,3499.25144015493,11.914,834.1515583041145
6013,5,3500.25144015493,11.904,833.6898880160835
6014,5,3501.25144015493,11.894,833.2278177280525
6015,5,3502.25144015493,11.884,832.7653474400215
6016,5,3503.25144015493,11.875,749.1037586997973
6017,5,3504.25144015493,11.865,831.9092918927627
6018,5,3505.25144015493,11.855,831.4456416047317
6019,5,3506.25144015493,11.846,747.9149884480364
6020,5,3507.25144015493,11.836,830.5872860574729
6021,5,3508.25144015493,11.825,913.0961105806475
6022,5,3509.25144015493,11.815,829.5870404526078
6023,5,3510.25144015493,11.804,911.9949164151486
6024,5,3511.25144015493,11.795,745.758204625974
6025,5,3512.25144015493,11.787,662.6073076937955
6026,5,3513.25144015493,11.776,910.6101805281604
6027,5,3514.25144015493,11.766,827.325074041256
6028,5,3515.25144015493,11.757,744.203336640908
6029,5,3516.25144015493,11.746,909.0670335775111
6030,5,3517.25144015493,11.736,825.9209831771632
6031,5,3518.25144015493,11.727,742.9386018632243
6032,5,3519.25144015493,11.717,825.0533076299042
6033,5,3520.25144015493,11.709,659.723281896629
6034,5,3521.25144015493,11.7,741.8607746633089
6035,5,3522.25144015493,11.69,823.8546118522206
6036,5,3523.25144015493,11.681,741.0771846707759
6037,5,3524.25144015493,11.671,822.9831963049617
6038,5,3525.25144015493,11.662,740.2922266780968
6039,5,3526.25144015493,11.653,739.9309709449378
6040,5,3527.25144015493,11.643,821.708495498475
6041,5,3528.25144015493,11.634,739.1439789524048
6042,5,3529.25144015493,11.623,902.8778081805981
6043,5,3530.25144015493,11.613,820.2892246343821
6044,5,3531.25144015493,11.604,737.865582174721
6045,5,3532.25144015493,11.595,737.5023104412704
6046,5,3533.25144015493,11.585,819.0076838278954
6047,5,3534.25144015493,11.576,736.711178448883
6048,5,3535.25144015493,11.566,818.1278882806365
6049,5,3536.25144015493,11.557,735.91867845635
6050,5,3537.25144015493,11.547,817.2465727333777
6051,5,3538.25144015493,11.536,898.4080379241412
6052,5,3539.25144015493,11.527,734.6318036786662
6053,5,3540.25144015493,11.517,815.8155418692846
6054,5,3541.25144015493,11.508,733.8358296861331
6055,5,3542.25144015493,11.498,814.9303663220257
6056,5,3543.25144015493,11.489,733.0384876934555
6057,5,3544.25144015493,11.479,814.0436707749116
6058,5,3545.25144015493,11.468,894.8817327695245
6059,5,3546.25144015493,11.459,731.7441609159165
6060,5,3547.25144015493,11.448,893.8257761358565
6061,5,3548.25144015493,11.438,812.05282459384
6062,5,3549.25144015493,11.429,730.4465941382329
6063,5,3550.25144015493,11.419,811.1614490465812
6064,5,3551.25144015493,11.41,729.6436721456997
6065,5,3552.25144015493,11.399,891.2563340835136
6066,5,3553.25144015493,11.39,728.7754236271
6067,5,3554.25144015493,11.379,890.1942614498453
6068,5,3555.25144015493,11.369,808.7485976064263
6069,5,3556.25144015493,11.36,727.4703508495602
6070,5,3557.25144015493,11.35,807.8518020591674
6071,5,3558.25144015493,11.341,726.6625508570272
6072,5,3559.25144015493,11.33,887.6096833972147
6073,5,3560.25144015493,11.321,725.7892983385714
6074,5,3561.25144015493,11.311,805.9824259358465
6075,5,3562.25144015493,11.302,724.9787263460383
6076,5,3563.25144015493,11.294,644.1218363338555
6077,5,3564.25144015493,11.285,724.2950994053509
6078,5,3565.25144015493,11.274,884.7135796230868
6079,5,3566.25144015493,11.263,884.0986957744266
6080,5,3567.25144015493,11.253,803.2023342652669
6081,5,3568.25144015493,11.245,642.2281672049168
6082,5,3569.25144015493,11.237,641.9512870204344
6083,5,3570.25144015493,11.229,641.6741508362371
6084,5,3571.25144015493,11.221,641.3967586517548
6085,5,3572.25144015493,11.211,801.3274430555368
6086,5,3573.25144015493,11.203,640.7268622371325
6087,5,3574.25144015493,11.194,720.4725855462349
6088,5,3575.25144015493,11.184,800.0697672779953
6089,5,3576.25144015493,11.174,799.5782969898222
6090,5,3577.25144015493,11.164,799.0864267017912
6091,5,3578.25144015493,11.153,878.4142112892521
6092,5,3579.25144015493,11.144,718.2591242502375
6093,5,3580.25144015493,11.134,797.6084158376983
6094,5,3581.25144015493,11.125,717.4356822577045
6095,5,3582.25144015493,11.114,876.3225875535993
6096,5,3583.25144015493,11.104,796.1268049737469
6097,5,3584.25144015493,11.093,875.1559213882477
6098,5,3585.25144015493,11.082,874.5324575397303
6099,5,3586.25144015493,11.071,873.908509691354
6100,5,3587.25144015493,11.062,714.5697251245687
6101,5,3588.25144015493,11.053,714.1876253911227
6102,5,3589.25144015493,11.043,793.0809982167574
6103,5,3590.25144015493,11.034,713.3578293985897
6104,5,3591.25144015493,11.024,792.1582426694983
6105,5,3592.25144015493,11.016,633.3857739280475
6106,5,3593.25144015493,11.008,633.1021577438482
6107,5,3594.25144015493,10.999,711.8882229912924
6108,5,3595.25144015493,10.99,711.5038552581278
6109,5,3596.25144015493,10.979,869.0665267764799
6110,5,3597.25144015493,10.968,868.4376509278221
6111,5,3598.25144015493,10.957,867.8082910793048
6112,5,3599.25144015493,10.947,788.3800354516592
6113,5,3600.25144015493,10.935,945.3684241615381
6114,5,3601.25144015493,10.923,944.5938477469134
6115,5,3602.25144015493,10.912,865.2067621535516
6116,5,3603.25144015493,10.901,864.5749603051737
6117,5,3604.25144015493,10.892,706.9270647176943
6118,5,3605.25144015493,10.884,628.0636428864409
6119,5,3606.25144015493,10.876,627.7762507022405
6120,5,3607.25144015493,10.868,627.4886025177613
6121,5,3608.25144015493,10.858,783.9287078880434
6122,5,3609.25144015493,10.85,626.7970421031359
6123,5,3610.25144015493,10.841,704.789675895632
6124,5,3611.25144015493,10.834,547.9171247574811
6125,5,3612.25144015493,10.826,625.9309295499773
6126,5,3613.25144015493,10.818,625.6417133657765
6127,5,3614.25144015493,10.81,625.3522411812978
6128,5,3615.25144015493,10.801,703.1627898587204
6129,5,3616.25144015493,10.792,702.7714561254153
6130,5,3617.25144015493,10.784,624.3665365821935
6131,5,3618.25144015493,10.778,468.1004253157414
6132,5,3619.25144015493,10.771,545.9387449872646
6133,5,3620.25144015493,10.763,623.66795609844
6134,5,3621.25144015493,10.755,623.3767079139617
6135,5,3622.25144015493,10.747,623.0852037297602
6136,5,3623.25144015493,10.738,700.6100147255846
6137,5,3624.25144015493,10.728,777.9818141436407
6138,5,3625.25144015493,10.719,699.7569087330515
6139,5,3626.25144015493,10.711,621.6845469000928
6140,5,3627.25144015493,10.702,699.0330157923642
6141,5,3628.25144015493,10.694,621.0405425083707
6142,5,3629.25144015493,10.684,775.8613728764423
6143,5,3630.25144015493,10.674,775.3491025882734
6144,5,3631.25144015493,10.663,852.2801317643837
6145,5,3632.25144015493,10.653,774.2507169834084
6146,5,3633.25144015493,10.642,851.0709835991697
6147,5,3634.25144015493,10.63,927.6935596196059
6148,5,3635.25144015493,10.618,926.9018712049786
6149,5,3636.25144015493,10.606,926.109606790214
6150,5,3637.25144015493,10.595,848.2470456099122
6151,5,3638.25144015493,10.583,924.6106679952484
6152,5,3639.25144015493,10.572,846.8720063813307
6153,5,3640.25144015493,10.563,692.4304276889596
6154,5,3641.25144015493,10.555,615.1675833056033
6155,5,3642.25144015493,10.549,461.1964463581953
6156,5,3643.25144015493,10.542,537.8787128701283
6157,5,3644.25144015493,10.533,691.2233919114126
6158,5,3645.25144015493,10.524,690.8225361781074
6159,5,3646.25144015493,10.513,843.768107011873
6160,5,3647.25144015493,10.503,766.5063626629437
6161,5,3648.25144015493,10.492,842.5454288465216
6162,5,3649.25144015493,10.483,688.8874406152731
6163,5,3650.25144015493,10.474,688.4848748819679
6164,5,3651.25144015493,10.464,764.499026539623
6165,5,3652.25144015493,10.455,687.613030889435
6166,5,3653.25144015493,10.444,839.8423203257182
6167,5,3654.25144015493,10.434,762.9346156756656
6168,5,3655.25144015493,10.424,762.412345387499
6169,5,3656.25144015493,10.413,838.0384238435327
6170,5,3657.25144015493,10.403,761.293459782634
6171,5,3658.25144015493,10.394,684.7258968081447
6172,5,3659.25144015493,10.384,760.3192642353752
6173,5,3660.25144015493,10.375,683.8484368156116
6174,5,3661.25144015493,10.368,531.6173703619112
6175,5,3662.25144015493,10.361,531.4036707207761
6176,5,3663.25144015493,10.353,607.0447226510217
6177,5,3664.25144015493,10.346,530.9243839183436
6178,5,3665.25144015493,10.337,682.2755598305456
6179,5,3666.25144015493,10.326,833.3132885870764
6180,5,3667.25144015493,10.316,756.9940422767646
6181,5,3668.25144015493,10.306,756.4668119888679
6182,5,3669.25144015493,10.297,680.3782867934997
6183,5,3670.25144015493,10.288,679.9691330603289
6184,5,3671.25144015493,10.279,679.5596553270238
6185,5,3672.25144015493,10.27,679.1498535937186
6186,5,3673.25144015493,10.261,678.7397278604135
6187,5,3674.25144015493,10.254,527.6408780634241
6188,5,3675.25144015493,10.245,678.0508134456488
6189,5,3676.25144015493,10.236,677.63975171221
6190,5,3677.25144015493,10.228,602.0101877707114
6191,5,3678.25144015493,10.219,676.8828647716564
6192,5,3679.25144015493,10.21,676.4708490382177
6193,5,3680.25144015493,10.2,751.1393189357386
6194,5,3681.25144015493,10.191,675.5795830456849
6195,5,3682.25144015493,10.182,675.1665773125131
6196,5,3683.25144015493,10.173,674.753247579208
6197,5,3684.25144015493,10.165,599.4424463190348
6198,5,3685.25144015493,10.156,673.9919506383875
6199,5,3686.25144015493,10.146,748.382767380238
6200,5,3687.25144015493,10.137,673.0966886459876
6201,5,3688.25144015493,10.128,672.6817389126825
6202,5,3689.25144015493,10.119,672.2664651793773
6203,5,3690.25144015493,10.109,746.4640613145234
6204,5,3691.25144015493,10.1,671.3685031868442
6205,5,3692.25144015493,10.09,745.4655657672645
6206,5,3693.25144015493,10.08,744.9288154792335
6207,5,3694.25144015493,10.07,744.3916651912026
6208,5,3695.25144015493,10.061,669.5019606758555
6209,5,3696.25144015493,10.05,817.6884398424568
6210,5,3697.25144015493,10.041,668.5333081573997
6211,5,3698.25144015493,10.032,668.1150104240945
6212,5,3699.25144015493,10.024,593.5374950700447
6213,5,3700.25144015493,10.015,667.3440474832754
6214,5,3701.25144015493,10.007,592.8516506783225
6215,5,3702.25144015493,10.0,518.4966119422336
6216,5,3703.25144015493,9.992,592.2832223325537
6217,5,3704.25144015493,9.985,517.9988171399325
6218,5,3705.25144015493,9.978,517.7755414986659
6219,5,3706.25144015493,9.971,517.5520698575308
6220,5,3707.25144015493,9.965,443.4465882655889
6221,5,3708.25144015493,9.957,591.006281526067
6222,5,3709.25144015493,9.95,516.8804789342564
6223,5,3710.25144015493,9.945,369.07726200933826
6224,5,3711.25144015493,9.937,590.2968090653486
6225,5,3712.25144015493,9.931,442.53006967800565
6226,5,3713.25144015493,9.927,294.9509883943539
6227,5,3714.25144015493,9.923,294.911564348269
6228,5,3715.25144015493,9.922,73.72916482983373
6230,5,3717.25144015493,9.921,73.76142032708442
6231,5,3718.25144015493,9.916,368.79476909169335
6232,5,3719.25144015493,9.909,516.1391186074763
6233,5,3720.25144015493,9.901,589.5854482358193
6234,5,3721.25144015493,9.893,589.2676080513486
6235,5,3722.25144015493,9.883,736.112444805154
6236,5,3723.25144015493,9.875,588.512015636584
6237,5,3724.25144015493,9.866,661.6840291209113
6238,5,3725.25144015493,9.858,587.814875244862
6239,5,3726.25144015493,9.849,660.899134180224
6240,5,3727.25144015493,9.84,660.4726824469188
6241,5,3728.25144015493,9.83,733.3470582784591
6242,5,3729.25144015493,9.821,659.5516804543857
6243,5,3730.25144015493,9.811,732.3229627312003
6244,5,3731.25144015493,9.801,731.7730324431693
6245,5,3732.25144015493,9.792,658.1340222026248
6246,5,3733.25144015493,9.783,657.7055724693197
6247,5,3734.25144015493,9.774,657.2767987360146
6248,5,3735.25144015493,9.764,729.7934263774547
6249,5,3736.25144015493,9.754,729.2415560894236
6250,5,3737.25144015493,9.744,728.6892858013928
6251,5,3738.25144015493,9.734,728.1366155133618
6252,5,3739.25144015493,9.725,654.8588439657979
6253,5,3740.25144015493,9.714,799.7742251968327
6254,5,3741.25144015493,9.704,726.4762046492689
6255,5,3742.25144015493,9.694,725.921934361238
6256,5,3743.25144015493,9.685,652.8642269288863
6257,5,3744.25144015493,9.677,579.969571074303
6258,5,3745.25144015493,9.668,652.0670019881987
6259,5,3746.25144015493,9.658,724.0005533243263
6260,5,3747.25144015493,9.647,795.7475795740447
6261,5,3748.25144015493,9.638,650.5652612105151
6262,5,3749.25144015493,9.629,650.1314474772099
6263,5,3750.25144015493,9.622,505.3726333209343
6264,5,3751.25144015493,9.615,505.13976767979915
6265,5,3752.25144015493,9.607,577.0062174613291
6266,5,3753.25144015493,9.597,720.7744065673373
6267,5,3754.25144015493,9.585,864.1686135005273
6268,5,3755.25144015493,9.576,647.5893556033021
6269,5,3756.25144015493,9.566,719.0216506744415
6270,5,3757.25144015493,9.556,718.461620386538
6271,5,3758.25144015493,9.547,646.1448953514137
6272,5,3759.25144015493,9.535,860.8084317724691
6273,5,3760.25144015493,9.524,788.3329541771133
6274,5,3761.25144015493,9.512,859.1901889773764
6275,5,3762.25144015493,9.501,786.8485529483947
6276,5,3763.25144015493,9.49,786.1469890997502
6277,5,3764.25144015493,9.482,571.3230265810186
6278,5,3765.25144015493,9.473,642.3330694331279
6279,5,3766.25144015493,9.466,499.30325217576296
6280,5,3767.25144015493,9.458,570.3317300278724
6281,5,3768.25144015493,9.45,570.0007858436592
6282,5,3769.25144015493,9.442,569.6695856591928
6283,5,3770.25144015493,9.433,640.471463396343
6284,5,3771.25144015493,9.425,568.9460772674707
6285,5,3772.25144015493,9.417,568.6140930832572
6286,5,3773.25144015493,9.408,639.2831252482732
6287,5,3774.25144015493,9.401,496.92926736509537
6288,5,3775.25144015493,9.393,567.6166045301115
6289,5,3776.25144015493,9.384,638.1600596261263
6290,5,3777.25144015493,9.376,566.8898961385154
6291,5,3778.25144015493,9.369,495.763262719906
6292,5,3779.25144015493,9.359,707.7782097122002
6293,5,3780.25144015493,9.35,636.5225177447514
6294,5,3781.25144015493,9.341,636.0783360114463
6295,5,3782.25144015493,9.332,635.6338302780157
6296,5,3783.25144015493,9.324,564.6427109403062
6297,5,3784.25144015493,9.315,634.8119633374537
6298,5,3785.25144015493,9.305,704.8138181568329
6299,5,3786.25144015493,9.298,493.0494487883921
6300,5,3787.25144015493,9.289,633.5427826634611
6301,5,3788.25144015493,9.282,492.4613224657975
6302,5,3789.25144015493,9.274,562.506797788182
6303,5,3790.25144015493,9.268,421.67305322000743
6304,5,3791.25144015493,9.259,632.1646388857775
6305,5,3792.25144015493,9.252,491.3885648609325
6306,5,3793.25144015493,9.244,561.2798290969075
6307,5,3794.25144015493,9.238,420.75213070167644
6308,5,3795.25144015493,9.231,490.66149193752693
6309,5,3796.25144015493,9.225,420.38169947701226
6310,5,3797.25144015493,9.217,560.2312884746361
6311,5,3798.25144015493,9.211,419.9650652350663
6312,5,3799.25144015493,9.204,489.7425068931484
6313,5,3800.25144015493,9.197,489.49898725213745
6314,5,3801.25144015493,9.192,349.5060636649755
6315,5,3802.25144015493,9.186,419.2666618030197
6316,5,3803.25144015493,9.182,279.43248981103227
6317,5,3804.25144015493,9.177,349.2112609490764
6318,5,3805.25144015493,9.172,349.11279337694464
6319,5,3806.25144015493,9.167,349.0142258050609
6320,5,3807.25144015493,9.163,279.14767559212873
6321,5,3808.25144015493,9.158,348.8548731754469
6322,6,3809.25144015493,8.955,14006.385181111787
6352,6,3839.25144015493,8.953,137.5066295806349
6353,6,3840.25144015493,8.95,206.25606459928895
6354,6,3841.25144015493,8.946,274.97214309202025
6355,6,3842.25144015493,8.941,343.63175755018784
6356,6,3843.25144015493,8.938,206.14047749559782
6357,6,3844.25144015493,8.935,206.124917969675
6358,6,3845.25144015493,8.93,343.47708489189284
6359,6,3846.25144015493,8.925,343.3740973197631
6360,6,3847.25144015493,8.919,411.9021281887631
6361,6,3848.25144015493,8.912,480.32720000579553
6362,6,3849.25144015493,8.907,342.94905706065714
6363,6,3850.25144015493,8.899,548.4606171472508
6364,6,3851.25144015493,8.893,411.128793739313
6365,6,3852.25144015493,8.887,410.9581836357435
6366,6,3853.25144015493,8.879,547.6549206864012
6367,6,3854.25144015493,8.873,410.52402939379743
6368,6,3855.25144015493,8.868,341.98007899887506
6369,6,3856.25144015493,8.862,410.228028203697
6370,6,3857.25144015493,8.857,341.7331913405794
6371,6,3858.25144015493,8.854,205.00047376975965
6372,6,3859.25144015493,8.849,341.60164122524566
6373,6,3860.25144015493,8.844,341.4971436533593
6374,6,3861.25144015493,8.836,546.1354036954532
6375,6,3862.25144015493,8.831,341.1719809661391
6376,6,3863.25144015493,8.825,409.25740456426814
6377,6,3864.25144015493,8.817,545.3849912576461
6378,6,3865.25144015493,8.812,340.70258819250955
6379,6,3866.25144015493,8.808,272.49340150208945
6380,6,3867.25144015493,8.803,340.5308255627746
6381,6,3868.25144015493,8.798,340.42546799088785
6382,6,3869.25144015493,8.793,340.3200104188801
6383,6,3870.25144015493,8.788,340.21445284675144
6384,6,3871.25144015493,8.783,340.1087952748646
6385,6,3872.25144015493,8.777,407.9804117347389
6386,6,3873.25144015493,8.771,407.806897630927
6387,6,3874.25144015493,8.768,203.85148802663971
6422,6,3909.25144015493,8.763,342.665434986834
6423,6,3910.25144015493,8.757,411.0456313891018
6424,6,3911.25144015493,8.75,479.3199527395241
6425,6,3912.25144015493,8.746,273.7950047877725
6426,6,3913.25144015493,8.74,410.56268809531025
6427,6,3914.25144015493,8.735,342.0077195835905
6428,6,3915.25144015493,8.729,410.2557069052097
6429,6,3916.25144015493,8.723,410.0785208013972
6430,6,3917.25144015493,8.718,341.6039118387641
6431,6,3918.25144015493,8.714,273.2118364190929
6432,6,3919.25144015493,8.707,477.940955372551
6433,6,3920.25144015493,8.703,273.0063102924805
6434,6,3921.25144015493,8.698,341.16848155061183
6435,6,3922.25144015493,8.695,204.65915789585188
6436,6,3923.25144015493,8.691,272.83859815410443
6437,6,3924.25144015493,8.688,204.59869733536536
6438,6,3925.25144015493,8.682,409.08970509296233
6439,6,3926.25144015493,8.676,408.9112349892712
6440,6,3927.25144015493,8.668,544.9139918244379
6441,6,3928.25144015493,8.661,476.5086844450912
6442,6,3929.25144015493,8.655,408.2335076263521
6443,6,3930.25144015493,8.652,204.06258502429185
6661,6,4148.25144015493,8.646,430.5387204706887
6662,6,4149.25144015493,8.639,502.03867800164966
6663,6,4150.25144015493,8.629,716.665418685938
6664,6,4151.25144015493,8.623,429.70433907333336
6665,6,4152.25144015493,8.615,572.6120826030624
6666,6,4153.25144015493,8.609,429.2136168313873
6667,6,4154.25144015493,8.602,500.4917507555221
6668,6,4155.25144015493,8.596,428.7720856067231
6669,6,4156.25144015493,8.59,428.576023503032
6670,6,4157.25144015493,8.584,428.3798173993408
6671,6,4158.25144015493,8.579,356.8403473368243
6672,6,4159.25144015493,8.575,285.39119681776594
6673,6,4160.25144015493,8.571,285.32668477155426
6674,6,4161.25144015493,8.566,356.5568296496042
6675,6,4162.25144015493,8.562,285.16417066798977
6676,6,4163.25144015493,8.557,356.35350701999033
6677,6,4164.25144015493,8.553,285.001368564172
6678,6,4165.25144015493,8.546,498.5514406265672
6679,6,4166.25144015493,8.542,284.7716184374384
6680,6,4167.25144015493,8.539,213.54246554786715
6681,6,4168.25144015493,8.535,284.67490035678975
6682,6,4169.25144015493,8.532,213.46984298738064
6683,6,4170.25144015493,8.526,426.8168943969929
6684,6,4171.25144015493,8.52,426.6189122933017
6685,6,4172.25144015493,8.514,426.42078618961057
6686,6,4173.25144015493,8.506,568.2299160914326
6687,6,4174.25144015493,8.5,425.92391994766456
6688,6,4175.25144015493,8.493,496.65033405784584
6689,6,4176.25144015493,8.487,425.47649672300037
6690,6,4177.25144015493,8.479,566.9699834694118
6691,6,4178.25144015493,8.471,566.570895284946
6692,6,4179.25144015493,8.463,566.171551100732
6693,6,4180.25144015493,8.456,495.0797188118456
6694,6,4181.25144015493,8.45,424.1294210835715
6695,6,4182.25144015493,8.445,353.2956904070174
6696,6,4183.25144015493,8.443,141.2935006427201
6697,6,4184.25144015493,8.44,211.92815119241504
6698,6,4185.25144015493,8.437,211.90346566649225
6699,6,4186.25144015493,8.436,70.63462054969497
6700,6,4187.25144015493,8.433,211.90423363192855
6701,6,4188.25144015493,8.431,141.26134457359262
6702,6,4189.25144015493,8.428,211.87977008859846
6703,6,4190.25144015493,8.427,70.62668802389766
6704,6,4191.25144015493,8.424,211.8803340541602
6705,6,4192.25144015493,8.421,211.8554265282374
6706,6,4193.25144015493,8.419,141.22870850433975
6707,6,4194.25144015493,8.416,211.83066898503276
6708,6,4195.25144015493,8.411,352.9674799174902
6709,6,4196.25144015493,8.409,141.1618984467336
6710,6,4197.25144015493,8.404,352.8419423166793
6711,6,4198.25144015493,8.402,141.1116274065346
6712,6,4199.25144015493,8.397,352.71612471574315
6713,6,4200.25144015493,8.393,282.08888672077404
6714,6,4201.25144015493,8.39,211.52880876036858
6715,6,4202.25144015493,8.388,141.0107493258859
6716,6,4203.25144015493,8.383,352.4636495142467
6717,6,4204.25144015493,8.381,140.96014228543635
6718,6,4205.25144015493,8.378,211.42742665667743
6719,6,4206.25144015493,8.376,140.94307325675845
6720,6,4207.25144015493,8.371,352.29419934130294
6721,6,4208.25144015493,8.367,281.75085042122186
6722,6,4209.25144015493,8.365,140.8583901933916
6723,6,4210.25144015493,8.361,281.6826623520944
6724,6,4211.25144015493,8.358,211.22373848385882
6725,6,4212.25144015493,8.354,281.5805842715708
6726,6,4213.25144015493,8.348,422.2183533206968
6727,6,4214.25144015493,8.344,281.37714015635834
6728,6,4215.25144015493,8.338,421.9129471480032
6729,6,4216.25144015493,8.332,421.7094690441872
6730,6,4217.25144015493,8.326,421.5058469406209
6731,6,4218.25144015493,8.322,280.9017999028909
6732,6,4219.25144015493,8.316,421.1994327676776
6733,6,4220.25144015493,8.31,420.99540266411117
6734,6,4221.25144015493,8.306,280.5612557185509
6735,6,4222.25144015493,8.3,420.68824449116795
6736,6,4223.25144015493,8.294,420.48380638760136
6737,6,4224.25144015493,8.29,280.219943534211
6738,6,4225.25144015493,8.284,420.1759042146584
6739,6,4226.25144015493,8.278,419.9710581110916
6740,6,4227.25144015493,8.272,419.76606800740046
6741,6,4228.25144015493,8.268,279.74111528061934
6742,6,4229.25144015493,8.264,279.67193923465857
6743,6,4230.25144015493,8.26,279.60269918844944
6744,6,4231.25144015493,8.257,209.66274011112486
6745,6,4232.25144015493,8.254,209.63611058520206
6746,6,4233.25144015493,8.25,279.4623270732371
6747,6,4234.25144015493,8.247,209.55733802471556
6748,6,4235.25144015493,8.243,279.3571849925884
6749,6,4236.25144015493,8.237,418.88054240253535
6750,6,4237.25144015493,8.233,279.150124877376
6751,6,4238.25144015493,8.229,279.080380831415
6752,6,4239.25144015493,8.223,418.4649881604654
6753,6,4240.25144015493,8.22,209.16736329141048
6754,6,4241.25144015493,8.214,418.20435700505254
6755,6,4242.25144015493,8.21,278.6989506123876
6756,6,4243.25144015493,8.204,417.892374832234
6757,6,4244.25144015493,8.199,348.092281864361
6758,6,4245.25144015493,8.193,417.52896964213346
6759,6,4246.25144015493,8.186,486.8454663680604
6760,6,4247.25144015493,8.18,417.0631024174693
6761,6,4248.25144015493,8.173,486.30159060595224
6762,6,4249.25144015493,8.165,555.394160234072
6763,6,4250.25144015493,8.158,485.6379798035197
6764,6,4251.25144015493,8.15,554.6352678883117
6765,6,4252.25144015493,8.143,484.9735290010873
6766,6,4253.25144015493,8.137,415.4576006743493
6767,6,4254.25144015493,8.13,484.4273572389791
6768,6,4255.25144015493,8.124,414.9891414496851
6769,6,4256.25144015493,8.12,276.5541935755991
6770,6,4257.25144015493,8.115,345.5823856545077
6771,6,4258.25144015493,8.107,552.6188388976079
6772,6,4259.25144015493,8.1,483.207816634114
6773,6,4260.25144015493,8.092,551.8559305518482
6774,6,4261.25144015493,8.085,482.5398518316816
6775,6,4262.25144015493,8.079,413.3701936720014
6776,6,4263.25144015493,8.072,481.9904180696957
6777,6,4264.25144015493,8.066,412.89893844721496
6778,6,4265.25144015493,8.058,550.1833137685263
6779,6,4266.25144015493,8.051,481.07531114616785
6780,6,4267.25144015493,8.045,412.1140750844181
6781,6,4268.25144015493,8.038,480.5240153840597
6782,6,4269.25144015493,8.028,685.8979363752765
6783,6,4270.25144015493,8.021,479.7328575413029
6784,6,4271.25144015493,8.013,547.8819647316145
6785,6,4272.25144015493,8.004,615.8578618526769
6786,6,4273.25144015493,7.996,546.9761843397707
6787,6,4274.25144015493,7.989,478.26736489617423
6788,6,4275.25144015493,7.98,614.4434122304693
6789,6,4276.25144015493,7.972,545.718103786812
6790,6,4277.25144015493,7.963,613.4220152898425
6791,6,4278.25144015493,7.954,612.8723535565374
6792,6,4279.25144015493,7.946,544.3207831877075
6793,6,4280.25144015493,7.937,611.8491026157895
6794,6,4281.25144015493,7.929,543.4106827959854
6795,6,4282.25144015493,7.924,339.4326604038733
6796,6,4283.25144015493,7.916,542.7736224964332
6797,6,4284.25144015493,7.909,474.5879532832004
6798,6,4285.25144015493,7.9,609.7098601566465
6799,6,4286.25144015493,7.89,676.7991024005091
6800,6,4287.25144015493,7.883,473.3597187589238
6801,6,4288.25144015493,7.875,540.5941295516916
6802,6,4289.25144015493,7.87,337.67131962618964
6803,6,4290.25144015493,7.862,539.9538852521393
6804,6,4291.25144015493,7.855,472.1191921943832
6805,6,4292.25144015493,7.844,741.2246089489229
6806,6,4293.25144015493,7.834,673.0959607875353
6807,6,4294.25144015493,7.827,470.76590262984246
6808,6,4295.25144015493,7.821,403.2725672132813
6809,6,4296.25144015493,7.816,335.902418848506
6810,6,4297.25144015493,7.812,268.6297820269354
6811,6,4298.25144015493,7.807,335.6719462188921
6812,6,4299.25144015493,7.799,536.7529438004632
6813,6,4300.25144015493,7.792,469.3165414242262
6814,6,4301.25144015493,7.785,469.0041557830315
6815,6,4302.25144015493,7.777,535.6130952935287
6816,6,4303.25144015493,7.772,334.5562832148379
6817,6,4304.25144015493,7.766,401.276753262779
6818,6,4305.25144015493,7.761,334.23819555642086
6819,6,4306.25144015493,7.753,534.4574787405091
6820,6,4307.25144015493,7.746,467.306630496707
6821,6,4308.25144015493,7.742,266.90479322050805
6822,6,4309.25144015493,7.737,333.51451521078366
6823,6,4310.25144015493,7.733,266.7183591168169
6824,6,4311.25144015493,7.728,333.28129258116974
6825,6,4312.25144015493,7.722,399.74570850231794
6826,6,4313.25144015493,7.717,332.96144492281184
6827,6,4314.25144015493,7.711,399.36162731221754
6828,6,4315.25144015493,7.71,66.5454924586514
6829,6,4316.25144015493,7.708,133.09592940860276
6844,6,4331.25144015493,7.701,467.18177408946866
6845,6,4332.25144015493,7.695,400.1960590357077
6846,6,4333.25144015493,7.69,333.33536703391087
6847,6,4334.25144015493,7.684,399.8086898456665
6848,6,4335.25144015493,7.682,133.23094725882663
6849,6,4336.25144015493,7.681,66.61783087512244
7026,6,4513.25144015493,7.674,485.10683104503
7027,6,4514.25144015493,7.663,761.5858177142261
7028,6,4515.25144015493,7.653,691.5559105741758
7029,6,4516.25144015493,7.646,483.65891548048927
7030,6,4517.25144015493,7.637,621.3343838390136
7031,6,4518.25144015493,7.627,689.6658998252337
7032,6,4519.25144015493,7.616,757.7564467251058
7033,6,4520.25144015493,7.605,756.8302188765273
7034,6,4521.25144015493,7.594,755.9035070280709
7035,6,4522.25144015493,7.583,754.9763111795534
7036,6,4523.25144015493,7.576,479.97578006919855
7037,6,4524.25144015493,7.566,685.0621530682448
7038,6,4525.25144015493,7.559,479.1109962263808
7039,6,4526.25144015493,7.55,615.4841970837308
7040,6,4527.25144015493,7.538,819.6860367486613
7041,6,4528.25144015493,7.529,614.0444800393522
7042,6,4529.25144015493,7.518,749.6681106201318
7043,6,4530.25144015493,7.509,612.6847955208359
7044,6,4531.25144015493,7.5,612.0859757875912
7045,6,4532.25144015493,7.492,543.5801087264222
7046,6,4533.25144015493,7.483,610.9689628469038
7047,6,4534.25144015493,7.474,610.3691891135385
7048,6,4535.25144015493,7.462,812.8621861218792
7049,6,4536.25144015493,7.451,744.1402949973433
7050,6,4537.25144015493,7.442,608.1595712840093
7051,6,4538.25144015493,7.433,607.5584115507643
7052,6,4539.25144015493,7.423,674.3511939494019
7053,6,4540.25144015493,7.414,606.2733955582312
7054,6,4541.25144015493,7.405,605.6712458248663
7055,6,4542.25144015493,7.396,605.068772091621
7056,6,4543.25144015493,7.386,671.5834278836874
7057,6,4544.25144015493,7.377,603.7810560990879
7058,6,4545.25144015493,7.366,737.1170618042535
7059,6,4546.25144015493,7.357,602.4101395805726
7060,6,4547.25144015493,7.347,668.6278517603666
7061,6,4548.25144015493,7.34,467.60118231092565
7062,6,4549.25144015493,7.331,600.6786109065803
7063,6,4550.25144015493,7.323,533.4350768322432
7064,6,4551.25144015493,7.314,599.5500059659521
7065,6,4552.25144015493,7.307,465.90927814551486
7066,6,4553.25144015493,7.297,664.9568403202708
7067,6,4554.25144015493,7.288,597.8138152919005
7068,6,4555.25144015493,7.279,597.2071295586544
7069,6,4556.25144015493,7.268,729.0776866992794
7070,6,4557.25144015493,7.258,661.986344196891
7071,6,4558.25144015493,7.251,462.9496910164335
7072,6,4559.25144015493,7.242,594.6950800995111
7073,6,4560.25144015493,7.232,660.0507934480105
7074,6,4561.25144015493,7.225,461.5940844922757
7075,6,4562.25144015493,7.214,724.6178339883168
7076,6,4563.25144015493,7.205,592.1777026403679
7077,6,4564.25144015493,7.197,525.8747939288909
7078,6,4565.25144015493,7.188,591.0402776996804
7079,6,4566.25144015493,7.179,590.430009966317
7080,6,4567.25144015493,7.171,524.3204653297864
7081,6,4568.25144015493,7.162,589.2907310256878
7082,6,4569.25144015493,7.155,457.9258100808655
7083,6,4570.25144015493,7.145,653.545955942199
7084,6,4571.25144015493,7.136,587.5383763516372
7085,6,4572.25144015493,7.127,586.9262006183901
7086,6,4573.25144015493,7.117,651.4139351356542
7087,6,4574.25144015493,7.108,585.618540625857
7088,6,4575.25144015493,7.099,585.0053748924942
7089,6,4576.25144015493,7.09,584.3918851592468
7090,6,4577.25144015493,7.08,648.5965290699397
7091,6,4578.25144015493,7.073,453.57194842756786
7092,6,4579.25144015493,7.064,582.6318984852543
7093,6,4580.25144015493,7.054,646.6398983210591
7094,6,4581.25144015493,7.047,452.2015859034089
7095,6,4582.25144015493,7.038,580.8691038112044
7096,6,4583.25144015493,7.03,515.8174500807969
7097,6,4584.25144015493,7.021,579.7198528705742
7098,6,4585.25144015493,7.012,579.1035011372691
7099,6,4586.25144015493,7.001,706.938555739752
7100,6,4587.25144015493,6.991,641.8482215065211
7101,6,4588.25144015493,6.982,577.0047363595285
7102,6,4589.25144015493,6.973,576.3870346262803
7103,6,4590.25144015493,6.965,511.8313965830357
7104,6,4591.25144015493,6.956,575.233301685536
7105,6,4592.25144015493,6.947,574.6146459522877
7106,6,4593.25144015493,6.936,701.4492071803875
7107,6,4594.25144015493,6.926,636.8551346342628
7108,6,4595.25144015493,6.917,572.5085911746039
7109,6,4596.25144015493,6.908,571.8885854412424
7110,6,4597.25144015493,6.899,571.2682557079937
7111,6,4598.25144015493,6.891,507.2790988778923
7112,6,4599.25144015493,6.882,570.1094107673063
7113,6,4600.25144015493,6.873,569.4881270339449
7114,6,4601.25144015493,6.862,695.1800738358152
7115,6,4602.25144015493,6.854,504.9958460253206
7116,6,4603.25144015493,6.845,567.5394733081629
7117,6,4604.25144015493,6.837,503.9629456335984
7118,6,4605.25144015493,6.828,566.3768483674196
7119,6,4606.25144015493,6.821,440.09508134675775
7120,6,4607.25144015493,6.811,628.0605163219066
7121,6,4608.25144015493,6.804,439.1894035039451
7122,6,4609.25144015493,6.797,438.83300186286556
7123,6,4610.25144015493,6.789,501.07900852755944
7124,6,4611.25144015493,6.782,438.0550530603774
7125,6,4612.25144015493,6.774,500.1894441819223
7126,6,4613.25144015493,6.767,437.2762642579449
7127,6,4614.25144015493,6.761,374.52956089450953
7128,6,4615.25144015493,6.756,311.9217685828643
7129,6,4616.25144015493,6.754,124.73111391302785
7156,6,4643.25144015493,6.75,250.80986979138106
7157,6,4644.25144015493,6.741,563.9003656121928
7158,6,4645.25144015493,6.732,563.269253878832
7159,6,4646.25144015493,6.723,562.6378181455825
7160,6,4647.25144015493,6.712,686.7940540833038
7161,6,4648.25144015493,6.702,623.516448182369
7162,6,4649.25144015493,6.693,560.4905073678988
7163,6,4650.25144015493,6.682,684.1682431327463
7164,6,4651.25144015493,6.673,559.057166849443
7165,6,4652.25144015493,6.663,620.4242520590482
7166,6,4653.25144015493,6.652,681.5384721822993
7167,6,4654.25144015493,6.643,556.9044560717592
7168,6,4655.25144015493,6.632,679.7830915486311
7169,6,4656.25144015493,6.623,555.4675155532485
7170,6,4657.25144015493,6.613,616.4338006188934
7171,6,4658.25144015493,6.604,554.1129835607703
7172,6,4659.25144015493,6.597,430.5474478303765
7173,6,4660.25144015493,6.587,614.4075498700674
7174,6,4661.25144015493,6.58,429.6228839876197
7175,6,4662.25144015493,6.576,245.34631978674048
7176,6,4663.25144015493,6.572,245.24971974060105
7177,6,4664.25144015493,6.571,61.302256677976715
7540,6,5027.25144015493,6.565,396.2278495072073
7541,6,5028.25144015493,6.556,593.7811843164781
7542,6,5029.25144015493,6.547,593.0845345831729
7543,6,5030.25144015493,6.536,723.9185755070243
7544,6,5031.25144015493,6.524,788.4977257010521
7545,6,5032.25144015493,6.513,721.6600822783059
7546,6,5033.25144015493,6.502,720.5854424297884
7547,6,5034.25144015493,6.493,588.780877183284
7548,6,5035.25144015493,6.482,718.6562617961202
7549,6,5036.25144015493,6.472,652.3960115576557
7550,6,5037.25144015493,6.463,586.4116264056584
7551,6,5038.25144015493,6.454,585.7118446723532
7552,6,5039.25144015493,6.443,714.9034840604672
7553,6,5040.25144015493,6.432,713.8256102118921
7554,6,5041.25144015493,6.421,712.7472523634323
7555,6,5042.25144015493,6.409,776.3050317262824
7556,6,5043.25144015493,6.402,452.2636593987525
7557,6,5044.25144015493,6.393,580.870774591063
7558,6,5045.25144015493,6.383,644.58132399418
7559,6,5046.25144015493,6.374,579.3752665985298
7560,6,5047.25144015493,6.363,707.1552575257374
7561,6,5048.25144015493,6.354,577.787522080074
7562,6,5049.25144015493,6.343,705.2138008921263
7563,6,5050.25144015493,6.333,640.1698725540252
7564,6,5051.25144015493,6.324,575.4032053023903
7565,6,5052.25144015493,6.313,702.298315941624
7566,6,5053.25144015493,6.304,573.8118607838778
7567,6,5054.25144015493,6.294,636.734596430761
7568,6,5055.25144015493,6.283,699.3788709910652
7569,6,5056.25144015493,6.272,698.2936051426043
7570,6,5057.25144015493,6.263,570.5338212211
7571,6,5058.25144015493,6.254,569.8271994877948
7572,6,5059.25144015493,6.244,632.3052449905496
7573,6,5060.25144015493,6.235,568.3218994952058
7574,6,5061.25144015493,6.226,567.6142877619567
7575,6,5062.25144015493,6.215,692.7741718366499
7576,6,5063.25144015493,6.205,628.8558288672289
7577,6,5064.25144015493,6.196,565.2160389842729
7578,6,5065.25144015493,6.187,564.5070772509122
7579,6,5066.25144015493,6.178,563.7977915176627
7580,6,5067.25144015493,6.168,625.6028628015143
7581,6,5068.25144015493,6.157,687.1281889990122
7582,6,5069.25144015493,6.146,686.0370051504947
7583,6,5070.25144015493,6.137,560.5010859548282
7584,6,5071.25144015493,6.128,559.7900902214678
7585,6,5072.25144015493,6.118,621.1479113613594
7586,6,5073.25144015493,6.109,558.2758082289901
7587,6,5074.25144015493,6.1,557.5638224956849
7588,6,5075.25144015493,6.089,680.4846378444854
7589,6,5076.25144015493,6.078,679.3902639960228
7590,6,5077.25144015493,6.067,678.2954061475053
7591,6,5078.25144015493,6.055,738.7027674907247
7592,6,5079.25144015493,6.046,553.1761950957996
7593,6,5080.25144015493,6.037,552.4621033625491
7594,6,5081.25144015493,6.028,551.747687629244
7595,6,5082.25144015493,6.018,612.2080084810498
7596,6,5083.25144015493,6.007,672.3870842465006
7597,6,5084.25144015493,5.996,671.288970397929
7598,6,5085.25144015493,5.985,670.1903725494658
7599,6,5086.25144015493,5.974,669.0912907009482
7600,6,5087.25144015493,5.963,667.9917248524307
7601,6,5088.25144015493,5.954,545.7302317109574
7602,6,5089.25144015493,5.944,605.5191363496206
7603,6,5090.25144015493,5.935,544.2038717184242
7604,6,5091.25144015493,5.924,664.148659116724
7605,6,5092.25144015493,5.913,663.0467832682602
7606,6,5093.25144015493,5.902,661.9444234197427
7607,6,5094.25144015493,5.893,540.780261629667
7608,6,5095.25144015493,5.883,600.0168095926317
7609,6,5096.25144015493,5.874,539.249653637134
7610,6,5097.25144015493,5.865,538.5297119037757
7611,6,5098.25144015493,5.856,537.8094461705238
7612,6,5099.25144015493,5.844,715.9349021977263
7613,6,5100.25144015493,5.835,536.0925291261451
7614,6,5101.25144015493,5.826,535.3712373928399
7615,6,5102.25144015493,5.815,653.3483991632334
7616,6,5103.25144015493,5.806,533.7439648743842
7617,6,5104.25144015493,5.796,592.1952520867624
7618,6,5105.25144015493,5.785,650.3630862127839
7619,6,5106.25144015493,5.776,531.3003560967004
7620,6,5107.25144015493,5.765,648.3706775791155
7621,6,5108.25144015493,5.754,647.261431730598
7622,6,5109.25144015493,5.743,646.1517018820284
7623,6,5110.25144015493,5.733,586.4524552722194
7624,6,5111.25144015493,5.726,409.98881176912823
7625,6,5112.25144015493,5.717,526.4954390672557
7626,6,5113.25144015493,5.708,525.7700793338987
7627,6,5114.25144015493,5.698,583.3315192640589
7628,6,5115.25144015493,5.689,524.2263133414175
7629,6,5116.25144015493,5.68,523.4999636081124
7630,6,5117.25144015493,5.672,464.7283067891105
7631,6,5118.25144015493,5.665,406.1793160392361
7632,6,5119.25144015493,5.658,405.75698839810093
7633,6,5120.25144015493,5.648,578.8956278239555
7634,6,5121.25144015493,5.639,520.2320850452265
7635,6,5122.25144015493,5.632,404.1302718739359
7636,6,5123.25144015493,5.623,518.959754630462
7637,6,5124.25144015493,5.615,460.69070147568925
7638,6,5125.25144015493,5.61,287.6547370786893
7639,6,5126.25144015493,5.602,459.80424917613703
7640,6,5127.25144015493,5.593,516.5962188528296
7641,6,5128.25144015493,5.586,401.30105994642497
7642,6,5129.25144015493,5.576,572.527045750132
7643,6,5130.25144015493,5.567,514.4975261787862
7644,6,5131.25144015493,5.56,399.66804342225936
7645,6,5132.25144015493,5.551,513.2200117640216
7646,6,5133.25144015493,5.543,455.5863318166307
7647,6,5134.25144015493,5.536,398.1766019383672
7648,6,5135.25144015493,5.527,511.3015801418748
7649,6,5136.25144015493,5.519,453.88026726361124
7650,6,5137.25144015493,5.51,509.9287152012378
7651,6,5138.25144015493,5.501,509.19557946788245
7652,6,5139.25144015493,5.491,564.906518301868
7653,6,5140.25144015493,5.482,507.6358114753495
7654,6,5141.25144015493,5.475,394.32884420847455
7655,6,5142.25144015493,5.466,506.352357060585
7656,6,5143.25144015493,5.456,561.7459222937094
7657,6,5144.25144015493,5.449,392.6864336842581
7658,6,5145.25144015493,5.44,504.23978638659264
7659,6,5146.25144015493,5.431,503.5040946533373
7660,6,5147.25144015493,5.421,558.579726285601
7661,6,5148.25144015493,5.414,390.469130478582
7662,6,5149.25144015493,5.406,445.7192046598111
7663,6,5150.25144015493,5.401,278.2938365687657
7664,6,5151.25144015493,5.393,444.8208643602589
7665,6,5152.25144015493,5.388,277.73211388154556
7666,6,5153.25144015493,5.382,333.00310806282414
7667,6,5154.25144015493,5.377,277.2729562231285
7668,6,5155.25144015493,5.369,443.1866558072394
7669,6,5156.25144015493,5.362,387.32213943009975
7670,6,5157.25144015493,5.356,331.6525256134958
7671,6,5158.25144015493,5.349,386.5335716679916
7672,6,5159.25144015493,5.343,330.9762983888316
7673,6,5160.25144015493,5.336,385.74427590588346
7674,6,5161.25144015493,5.33,330.2994471641674
7675,6,5162.25144015493,5.325,275.018945474248
7676,6,5163.25144015493,5.317,439.5785746090305
7677,6,5164.25144015493,5.312,274.4541427870279
7678,6,5165.25144015493,5.304,438.6744743094783
7679,6,5166.25144015493,5.297,383.3720206196076
7680,6,5167.25144015493,5.291,328.26514949012625
7681,6,5168.25144015493,5.286,273.3229774126362
7682,6,5169.25144015493,5.278,436.86377771037377
7683,6,5170.25144015493,5.271,381.7868770953426
7684,6,5171.25144015493,5.263,435.79170136473664
7685,6,5172.25144015493,5.256,380.84839029291015
7686,6,5173.25144015493,5.248,434.71866501909943
7687,6,5174.25144015493,5.241,379.90906349052585
7688,6,5175.25144015493,5.234,379.47531184934246
7689,6,5176.25144015493,5.226,433.1487205121649
7690,6,5177.25144015493,5.217,486.5943311058598
7691,6,5178.25144015493,5.209,431.90759612044275
7692,6,5179.25144015493,5.202,377.4483072041532
7693,6,5180.25144015493,5.195,377.013519563018
7694,6,5181.25144015493,5.185,537.813899488118
7695,6,5182.25144015493,5.18,268.5701808860235
7696,6,5183.25144015493,5.172,429.256151267871
7697,6,5184.25144015493,5.165,375.127249958153
7698,6,5185.25144015493,5.157,428.1773229222339
7699,6,5186.25144015493,5.148,480.99888981718715
7700,6,5187.25144015493,5.141,373.60141047426106
7701,6,5188.25144015493,5.133,426.43276236921434
7702,6,5189.25144015493,5.126,372.65571367182855
7703,6,5190.25144015493,5.118,425.3514860235772
7704,6,5191.25144015493,5.111,371.70917686944324
7705,6,5192.25144015493,5.104,371.2719392282609
7706,6,5193.25144015493,5.096,423.7693175166427
7707,6,5194.25144015493,5.089,370.32415642582845
7708,6,5195.25144015493,5.082,369.8863167847402
7709,6,5196.25144015493,5.076,316.70113277457466
7710,6,5197.25144015493,5.069,369.0828110225851
7711,6,5198.25144015493,5.063,316.0121015499104
7712,6,5199.25144015493,5.056,368.27857726047694
7713,6,5200.25144015493,5.047,472.8432626989852
7714,6,5201.25144015493,5.039,419.6785762032213
7715,6,5202.25144015493,5.032,366.74311977658493
7716,6,5203.25144015493,5.022,523.1348997931655
7717,6,5204.25144015493,5.015,365.6455019338745
7718,6,5205.25144015493,5.006,469.45642213610444
7719,6,5206.25144015493,4.998,416.6667152584797
7720,6,5207.25144015493,4.989,468.04338119546327
7721,6,5208.25144015493,4.98,467.28952746211206
7722,6,5209.25144015493,4.972,414.7397626593753
7723,6,5210.25144015493,4.963,465.87463252147074
7724,6,5211.25144015493,4.954,465.11982478816554
7725,6,5212.25144015493,4.944,515.908647546524
7726,6,5213.25144015493,4.935,463.5153987956325
7727,6,5214.25144015493,4.926,462.7596010622817
7728,6,5215.25144015493,4.918,410.7114814150814
7729,6,5216.25144015493,4.911,358.8937478370084
7730,6,5217.25144015493,4.903,409.6168450694442
7731,6,5218.25144015493,4.896,357.9355210345304
7732,6,5219.25144015493,4.887,459.5394315513385
7733,6,5220.25144015493,4.879,407.8478045164247
7734,6,5221.25144015493,4.87,458.1178226106058
7735,6,5222.25144015493,4.863,355.7972128691789
7736,6,5223.25144015493,4.853,507.49110992548725
7737,6,5224.25144015493,4.844,455.93609593661347
7738,6,5225.25144015493,4.835,455.17687820335334
7739,6,5226.25144015493,4.826,454.41733647004816
7740,6,5227.25144015493,4.818,403.29290311083344
7741,6,5228.25144015493,4.807,553.5411212263646
7742,6,5229.25144015493,4.798,452.0426407442101
7743,6,5230.25144015493,4.79,401.1812064656441
7744,6,5231.25144015493,4.781,450.61476780352257
7745,6,5232.25144015493,4.774,349.95913757474614
7746,6,5233.25144015493,4.766,399.4017499126246
7747,6,5234.25144015493,4.759,348.99371477231364
7748,6,5235.25144015493,4.749,497.76770692996433
7749,6,5236.25144015493,4.738,546.4394915402099
7750,6,5237.25144015493,4.729,446.2295344555374
7751,6,5238.25144015493,4.72,445.46614072223224
7752,6,5239.25144015493,4.711,444.70242298888326
7753,6,5240.25144015493,4.701,493.21246554741526
7754,6,5241.25144015493,4.694,344.69090096177285
7755,6,5242.25144015493,4.683,540.7225092976664
7756,6,5243.25144015493,4.673,490.55860474088473
7757,6,5244.25144015493,4.666,342.8324493972322
7758,6,5245.25144015493,4.657,440.1133125890964
7759,6,5246.25144015493,4.646,536.8646486253804
7760,6,5247.25144015493,4.636,487.0498786751702
7761,6,5248.25144015493,4.625,534.6446224600287
7762,6,5249.25144015493,4.616,436.5749930262619
7763,6,5250.25144015493,4.605,532.5382538263175
7764,6,5251.25144015493,4.596,434.8508805078061
7765,6,5252.25144015493,4.584,578.588018647489
7766,6,5253.25144015493,4.577,336.87525510279943
7767,6,5254.25144015493,4.568,432.45116478196786
7768,6,5255.25144015493,4.56,383.7594811658739
7769,6,5256.25144015493,4.551,431.00736184123787
7770,6,5257.25144015493,4.542,430.23768610797526
7771,6,5258.25144015493,4.533,429.46768637462776
7772,6,5259.25144015493,4.523,476.2778104204626
7773,6,5260.25144015493,4.512,522.7900893798034
7774,6,5261.25144015493,4.505,332.0849296511235
7775,6,5262.25144015493,4.496,426.2897269154848
7776,6,5263.25144015493,4.486,472.7452443547477
7777,6,5264.25144015493,4.477,424.6513709229519
7778,6,5265.25144015493,4.466,517.9585799223667
7779,6,5266.25144015493,4.457,422.91685440453796
7780,6,5267.25144015493,4.449,375.2811306081588
7781,6,5268.25144015493,4.44,421.4653834638089
7782,6,5269.25144015493,4.431,420.6917657305454
7783,6,5270.25144015493,4.422,419.91782399724025
7784,6,5271.25144015493,4.412,465.66235222327657
7785,6,5272.25144015493,4.403,418.27406800470715
7786,6,5273.25144015493,4.394,417.49913627136084
7787,6,5274.25144015493,4.385,416.7238805380969
7788,6,5275.25144015493,4.375,462.11202615756196
7789,6,5276.25144015493,4.366,415.0774245455639
7790,6,5277.25144015493,4.357,414.30117881221787
7791,6,5278.25144015493,4.348,413.52460907895363
7792,6,5279.25144015493,4.338,458.5557800918474
7793,6,5280.25144015493,4.329,411.8754530864206
7794,6,5281.25144015493,4.32,411.0978933530749
7795,6,5282.25144015493,4.311,410.3200096198103
7796,6,5283.25144015493,4.301,454.99361402613283
7797,6,5284.25144015493,4.29,499.3670453460865
7798,6,5285.25144015493,4.281,407.69901084212654
7799,6,5286.25144015493,4.272,406.91977710878126
7800,6,5287.25144015493,4.262,451.21403790285217
7801,6,5288.25144015493,4.255,315.280262610582
7802,6,5289.25144015493,4.246,404.67533843478896
7803,6,5290.25144015493,4.237,403.89482670152375
7804,6,5291.25144015493,4.227,447.85152189470375
7805,6,5292.25144015493,4.216,491.5072680015142
7806,6,5293.25144015493,4.207,401.26551192383994
7807,6,5294.25144015493,4.198,400.4836501904953
7808,6,5295.25144015493,4.188,444.0597857714224
7809,6,5296.25144015493,4.181,310.27029811858176
7810,6,5297.25144015493,4.172,398.23147151654223
7811,6,5298.25144015493,4.164,353.32979204105226
7812,6,5299.25144015493,4.155,396.7602545758156
7813,6,5300.25144015493,4.146,395.97648484254967
7814,6,5301.25144015493,4.137,395.1923911092445
7815,6,5302.25144015493,4.127,438.178059014394
7816,6,5303.25144015493,4.118,393.5277731166726
7817,6,5304.25144015493,4.109,392.74268938340634
7818,6,5305.25144015493,4.101,348.4489145893761
7819,6,5306.25144015493,4.092,391.26706244271884
7820,6,5307.25144015493,4.083,390.4810247093752
7821,6,5308.25144015493,4.074,389.69466297610865
7822,6,5309.25144015493,4.066,345.73845378288934
7823,6,5310.25144015493,4.059,302.0205506587975
7824,6,5311.25144015493,4.051,344.59399343725215
7825,6,5312.25144015493,4.042,386.92845814657926
7826,6,5313.25144015493,4.033,386.14054841323605
7827,6,5314.25144015493,4.024,385.352314679969
7828,6,5315.25144015493,4.016,341.8769726307654
7829,6,5316.25144015493,4.007,383.87056773928157
7830,6,5317.25144015493,4.0,298.0266259692297
7831,6,5318.25144015493,3.992,340.02772407774586
7832,6,5319.25144015493,3.985,297.0216811668161
7833,6,5320.25144015493,3.976,381.1906954356562
7834,6,5321.25144015493,3.967,380.4003017023511
7835,6,5322.25144015493,3.958,379.609583969046
7836,6,5323.25144015493,3.95,336.77017910996176
7837,6,5324.25144015493,3.941,378.1230130283773
7838,6,5325.25144015493,3.934,293.5544856385268
7839,6,5326.25144015493,3.926,334.9146905569423
7840,6,5327.25144015493,3.917,376.0346974062303
7841,6,5328.25144015493,3.91,291.9295681546348
7842,6,5329.25144015493,3.901,374.6410469914656
7843,6,5330.25144015493,3.894,290.84516983204014
7844,6,5331.25144015493,3.884,414.66473701526
7845,6,5332.25144015493,3.877,289.68522398930173
7846,6,5333.25144015493,3.868,371.7542916359951
7847,6,5334.25144015493,3.86,329.78476103613866
7848,6,5335.25144015493,3.851,370.2611146953077
7849,6,5336.25144015493,3.844,287.4371838239501
7850,6,5337.25144015493,3.834,409.79416557508677
7851,6,5338.25144015493,3.825,367.97101002131524
7852,6,5339.25144015493,3.816,367.1749822880283
7853,6,5340.25144015493,3.809,285.03592061825606
7854,6,5341.25144015493,3.801,325.1753876766324
7855,6,5342.25144015493,3.792,365.0734366658813
7856,6,5343.25144015493,3.785,283.4007131343641
7857,6,5344.25144015493,3.777,323.30583512361295
7858,6,5345.25144015493,3.768,362.9692990437342
7859,6,5346.25144015493,3.761,281.7634896504721
7860,6,5347.25144015493,3.753,321.4339785705934
7861,6,5348.25144015493,3.748,200.58617026300638
7862,6,5349.25144015493,3.738,400.44496281000727
7863,6,5350.25144015493,3.731,279.72719604562485
7864,6,5351.25144015493,3.724,279.255056404472
7865,6,5352.25144015493,3.714,398.1004621187329
7866,6,5353.25144015493,3.709,198.68592720134598
7867,6,5354.25144015493,3.703,238.11427004657907
7868,6,5355.25144015493,3.696,277.3645378399313
7869,6,5356.25144015493,3.69,237.36763882191485
7870,6,5357.25144015493,3.683,276.4931040778407
7871,6,5358.25144015493,3.674,354.7859026069743
7872,6,5359.25144015493,3.666,314.6952445658977
7873,6,5360.25144015493,3.659,274.8468925939486
7874,6,5361.25144015493,3.651,313.52598422026057
7875,6,5362.25144015493,3.646,195.64174379404844
7876,6,5363.25144015493,3.64,234.45989995780445
7877,6,5364.25144015493,3.633,273.0994050697322
7878,6,5365.25144015493,3.625,311.5279596211561
7879,6,5366.25144015493,3.616,349.7132401034526
7880,6,5367.25144015493,3.606,387.622899007998
7881,6,5368.25144015493,3.599,270.7477613842012
7882,6,5369.25144015493,3.592,270.27200974308323
7883,6,5370.25144015493,3.584,308.2953946764145
7884,6,5371.25144015493,3.577,269.24472094065067
7885,6,5372.25144015493,3.567,383.79364288466
7886,6,5373.25144015493,3.56,268.06614109789376
7887,6,5374.25144015493,3.551,343.9467179184714
7888,6,5375.25144015493,3.541,381.2128321357964
7889,6,5376.25144015493,3.534,266.25885257367736
7890,6,5377.25144015493,3.527,265.7814069325253
7891,6,5378.25144015493,3.517,378.844031444522
7892,6,5379.25144015493,3.51,264.59999908978523
7893,6,5380.25144015493,3.501,339.488485622332
7894,6,5381.25144015493,3.493,301.09178057954887
7895,6,5382.25144015493,3.484,337.9677146816446
7896,6,5383.25144015493,3.474,374.56663520597203
7897,6,5384.25144015493,3.467,261.60462472281193
7898,6,5385.25144015493,3.46,261.12545708167676
7899,6,5386.25144015493,3.45,372.1899745146977
7900,6,5387.25144015493,3.441,334.11194706698126
7901,6,5388.25144015493,3.432,333.30106933365965
7902,6,5389.25144015493,3.422,369.37929370821104
7903,6,5390.25144015493,3.415,257.9720436743791
7904,6,5391.25144015493,3.406,330.9635346596672
7905,6,5392.25144015493,3.398,293.5110303905134
7906,6,5393.25144015493,3.389,329.43597771899607
7907,6,5394.25144015493,3.38,328.6231919856747
7908,6,5395.25144015493,3.37,364.17947221045
7909,6,5396.25144015493,3.361,326.89951599314173
7910,6,5397.25144015493,3.354,253.69780394448674
7911,6,5398.25144015493,3.346,289.3462771923045
7912,6,5399.25144015493,3.339,252.65797114205418
7913,6,5400.25144015493,3.331,288.1574168466673
7914,6,5401.25144015493,3.322,323.41073248215304
7915,6,5402.25144015493,3.314,286.79472445494514
7916,6,5403.25144015493,3.305,321.87709154146563
7917,6,5404.25144015493,3.298,249.7899058154052
7918,6,5405.25144015493,3.29,284.8783719019257
7919,6,5406.25144015493,3.281,319.7203039193187
7920,6,5407.25144015493,3.273,283.5130075102035
7921,6,5408.25144015493,3.262,388.7721547755414
7922,6,5409.25144015493,3.253,317.1714581934807
7923,6,5410.25144015493,3.245,281.2465108650141
7924,6,5411.25144015493,3.238,245.568001605675
7925,6,5412.25144015493,3.232,210.10360090680678
7926,6,5413.25144015493,3.225,244.67355184356677
7927,6,5414.25144015493,3.215,348.6777927459855
7928,6,5415.25144015493,3.206,312.94196547510967
7929,6,5416.25144015493,3.197,312.12232174180457
7930,6,5417.25144015493,3.186,380.3614753676023
7931,6,5418.25144015493,3.176,344.7091566226493
7932,6,5419.25144015493,3.169,240.69605271448523
7933,6,5420.25144015493,3.161,274.4815329294459
7934,6,5421.25144015493,3.152,308.0192430752791
7935,6,5422.25144015493,3.143,307.19765534198916
7936,6,5423.25144015493,3.134,306.3757436086689
7937,6,5424.25144015493,3.124,339.44965512488824
7938,6,5425.25144015493,3.115,304.633293616136
7939,6,5426.25144015493,3.106,303.81039188284586
7940,6,5427.25144015493,3.098,269.36534347776967
7941,6,5428.25144015493,3.091,235.16813714182103
7942,6,5429.25144015493,3.083,268.1615871321325
7943,6,5430.25144015493,3.076,234.1144303394034
7944,6,5431.25144015493,3.067,300.27759837184215
7945,6,5432.25144015493,3.058,299.45286063855184
7946,6,5433.25144015493,3.05,265.4903983717307
7947,6,5434.25144015493,3.043,231.77625817403708
7948,6,5435.25144015493,3.037,198.27797253685935
7949,6,5436.25144015493,3.03,230.87216241194358
7950,6,5437.25144015493,3.024,197.50272131218054
7951,6,5438.25144015493,3.017,229.96733864983537
7952,6,5439.25144015493,3.009,262.2154334269891
7953,6,5440.25144015493,3.004,163.56115954825447
7954,6,5441.25144015493,2.996,261.18006912743687
7955,6,5442.25144015493,2.991,162.91379686103434
7956,6,5443.25144015493,2.983,260.14387282788465
7957,6,5444.25144015493,2.977,194.68643149994767
7958,6,5445.25144015493,2.972,161.96900408740493
7959,6,5446.25144015493,2.964,258.6315883900775
7960,6,5447.25144015493,2.955,290.18053146848996
7961,6,5448.25144015493,2.948,225.12719775864562
7962,6,5449.25144015493,2.94,256.68153983705804
7963,6,5450.25144015493,2.933,224.06528695621307
7964,6,5451.25144015493,2.927,191.6660006358404
7965,6,5452.25144015493,2.922,159.45109336732753
7966,6,5453.25144015493,2.914,254.6014032379536
7967,6,5454.25144015493,2.905,285.64460217236467
7968,6,5455.25144015493,2.894,347.9850341160326
7969,6,5456.25144015493,2.886,252.2970665927642
7970,6,5457.25144015493,2.877,283.05126044652644
7971,6,5458.25144015493,2.872,156.8974376472501
7972,6,5459.25144015493,2.866,187.95110858164713
7973,6,5460.25144015493,2.859,218.81957646421247
7974,6,5461.25144015493,2.851,249.4699657862774
7975,6,5462.25144015493,2.844,217.7526536617799
7976,6,5463.25144015493,2.835,279.2322443577554
7977,6,5464.25144015493,2.825,309.27663151276244
7978,6,5465.25144015493,2.816,277.46535036523613
7979,6,5466.25144015493,2.807,276.63058663191737
7980,6,5467.25144015493,2.798,275.79549889861227
7981,6,5468.25144015493,2.79,244.4527123806862
7982,6,5469.25144015493,2.783,213.36096793188753
7983,6,5470.25144015493,2.775,243.229260035049
7984,6,5471.25144015493,2.768,212.29002712945498
7985,6,5472.25144015493,2.759,272.20620338762353
7986,6,5473.25144015493,2.749,301.4666893237271
7987,6,5474.25144015493,2.738,330.40939417343475
7988,6,5475.25144015493,2.731,209.60905088345467
7989,6,5476.25144015493,2.722,268.7579919284804
7990,6,5477.25144015493,2.714,238.1947106294578
7991,6,5478.25144015493,2.705,267.17980098779304
7992,6,5479.25144015493,2.696,266.34093325448794
7993,6,5480.25144015493,2.685,324.381562994214
7994,6,5481.25144015493,2.674,323.1142911456965
7995,6,5482.25144015493,2.664,292.6425818754639
7996,6,5483.25144015493,2.655,262.4887296916666
7997,6,5484.25144015493,2.646,261.64815195834854
7998,6,5485.25144015493,2.636,289.7309810689772
7999,6,5486.25144015493,2.627,259.8672719658284
8000,6,5487.25144015493,2.616,316.46625230804597
8001,6,5488.25144015493,2.607,257.98623544735983
8002,6,5489.25144015493,2.599,228.61634397957275
8003,6,5490.25144015493,2.592,199.49926658091303
8004,6,5491.25144015493,2.585,198.99746093977782
8005,6,5492.25144015493,2.575,283.40017431198834
8006,6,5493.25144015493,2.566,254.16725088453808
8007,6,5494.25144015493,2.557,253.32345115122044
8008,6,5495.25144015493,2.549,224.47003082744877
8009,6,5496.25144015493,2.542,195.8699125728045
8010,6,5497.25144015493,2.535,195.36681893165692
8011,6,5498.25144015493,2.529,167.05887175767373
8012,6,5499.25144015493,2.522,194.4370331695611
8013,6,5500.25144015493,2.512,276.88265749739327
8014,6,5501.25144015493,2.503,248.29898375138993
8015,6,5502.25144015493,2.494,247.45275401808485
8016,6,5503.25144015493,2.485,246.6062002847919
8017,6,5504.25144015493,2.477,218.49676516839028
8018,6,5505.25144015493,2.47,190.64135212111617
8019,6,5506.25144015493,2.46,271.4581959996443
8020,6,5507.25144015493,2.453,189.39988427837136
8021,6,5508.25144015493,2.444,242.76516572194544
8022,6,5509.25144015493,2.436,215.08117622364864
8023,6,5510.25144015493,2.429,187.65161279447926
8024,6,5511.25144015493,2.421,213.83655587801144
8025,6,5512.25144015493,2.412,239.76640089241621
8026,6,5513.25144015493,2.405,185.90132531058717
8027,6,5514.25144015493,2.397,211.83548332499194
8028,6,5515.25144015493,2.39,184.8105605081429
8029,6,5516.25144015493,2.381,236.8623205888215
8030,6,5517.25144015493,2.373,209.83210677196084
8031,6,5518.25144015493,2.364,235.25961364813404
8032,6,5519.25144015493,2.355,234.40812791481733
8033,6,5520.25144015493,2.345,259.45181768727616
8034,6,5521.25144015493,2.336,232.60480192229585
8035,6,5522.25144015493,2.329,180.3291207782508
8036,6,5523.25144015493,2.321,205.46495357376358
8037,6,5524.25144015493,2.314,179.2343379758297
8038,6,5525.25144015493,2.305,229.69022761867797
8039,6,5526.25144015493,2.295,254.20756624713263
8040,6,5527.25144015493,2.288,177.31975345161325
8041,6,5528.25144015493,2.281,176.81006581046685
8042,6,5529.25144015493,2.273,201.4416884677246
8043,6,5530.25144015493,2.268,125.56435894872615
8044,6,5531.25144015493,2.26,200.36405216817232
8045,6,5532.25144015493,2.255,124.89057626149487
8046,6,5533.25144015493,2.247,199.2855838686201
8047,6,5534.25144015493,2.24,173.82530348381806
8048,6,5535.25144015493,2.235,123.85125097347492
8049,6,5536.25144015493,2.229,148.28295857310428
8050,6,5537.25144015493,2.224,123.28690331504689
8051,6,5538.25144015493,2.218,147.60547738301477
8052,6,5539.25144015493,2.213,122.72211565662985
8053,6,5540.25144015493,2.205,195.814646900836
8054,6,5541.25144015493,2.2,122.04606296940973
8055,6,5542.25144015493,2.192,194.7325466012838
8056,6,5543.25144015493,2.187,121.36949028220037
8057,6,5544.25144015493,2.181,145.30374174357516
8058,6,5545.25144015493,2.176,120.80330262377258
8059,6,5546.25144015493,2.169,168.689237552315
8060,6,5547.25144015493,2.163,144.1841594325124
8061,6,5548.25144015493,2.156,167.74028579019617
8062,6,5549.25144015493,2.15,143.3704602078482
8063,6,5550.25144015493,2.145,119.19164967732458
8064,6,5551.25144015493,2.138,166.43206942728773
8065,6,5552.25144015493,2.13,189.57607317265007
8066,6,5553.25144015493,2.123,165.3258486248447
8067,6,5554.25144015493,2.116,164.81130298372
8068,6,5555.25144015493,2.108,187.72305666571555
8069,6,5556.25144015493,2.101,163.70383618128744
8070,6,5557.25144015493,2.094,163.18868854015224
8071,6,5558.25144015493,2.088,139.46764513636245
8072,6,5559.25144015493,2.081,162.23563477804404
8073,6,5560.25144015493,2.076,115.56982618361775
8074,6,5561.25144015493,2.066,230.34703465122251
8075,6,5562.25144015493,2.059,160.6100103344661
8076,6,5563.25144015493,2.05,205.73460150837724
8077,6,5564.25144015493,2.041,204.870173775062
8078,6,5565.25144015493,2.033,181.38267493752963
8079,6,5566.25144015493,2.026,158.15390216912465
8080,6,5567.25144015493,2.019,157.63672452797948
8081,6,5568.25144015493,2.012,157.11935088685428
8082,6,5569.25144015493,2.002,223.54975280782404
8083,6,5570.25144015493,1.993,200.27839053076326
8084,6,5571.25144015493,1.984,199.41180279746803
8085,6,5572.25144015493,1.977,154.5018156811734
8086,6,5573.25144015493,1.969,175.93640146281098
8087,6,5574.25144015493,1.962,153.38667687874576
8088,6,5575.25144015493,1.955,152.86781923760574
8089,6,5576.25144015493,1.946,195.77661181240202
8090,6,5577.25144015493,1.936,216.50890090681455
8091,6,5578.25144015493,1.927,193.93906781986422
8092,6,5579.25144015493,1.918,193.0699960865639
8093,6,5580.25144015493,1.911,149.56747935047034
8094,6,5581.25144015493,1.905,127.78833297378739
8095,6,5582.25144015493,1.9,106.20233364894999
8096,6,5583.25144015493,1.892,169.3735156885401
8097,6,5584.25144015493,1.885,147.64202382625396
8098,6,5585.25144015493,1.876,189.0551759978067
8099,6,5586.25144015493,1.869,146.4435815036593
8100,6,5587.25144015493,1.861,166.72358297422326
8101,6,5588.25144015493,1.852,186.74259837565515
8102,6,5589.25144015493,1.845,144.64423801977185
8103,6,5590.25144015493,1.836,185.19943996089054
8104,6,5591.25144015493,1.829,143.44355569717712
8105,6,5592.25144015493,1.821,163.2937420525241
8106,6,5593.25144015493,1.814,142.32028289474005
8107,6,5594.25144015493,1.808,121.57427229744704
8108,6,5595.25144015493,1.801,141.35283713263635
8109,6,5596.25144015493,1.794,140.8296674914967
8110,6,5597.25144015493,1.786,160.30528124603734
8111,6,5598.25144015493,1.777,179.5191289314505
8112,6,5599.25144015493,1.768,178.64411719814098
8113,6,5600.25144015493,1.759,177.7687814648403
8114,6,5601.25144015493,1.75,176.8931217315308
8115,6,5602.25144015493,1.742,156.50449623216826
8116,6,5603.25144015493,1.735,136.37753680192878
8117,6,5604.25144015493,1.728,135.85265916079794
8118,6,5605.25144015493,1.719,173.8917154279244
8119,6,5606.25144015493,1.711,153.8355395178514
8120,6,5607.25144015493,1.7,210.38968128605543
8121,6,5608.25144015493,1.691,171.15822570208633
8122,6,5609.25144015493,1.683,151.404914872662
8123,6,5610.25144015493,1.674,169.50252676140312
8124,6,5611.25144015493,1.667,131.2303374309014
8125,6,5612.25144015493,1.658,167.9466243466385
8126,6,5613.25144015493,1.649,167.06720261332924
8127,6,5614.25144015493,1.639,184.59658735229425
8128,6,5615.25144015493,1.632,128.57241222522958
8129,6,5616.25144015493,1.623,164.5280859393368
8130,6,5617.25144015493,1.614,163.6473862060317
8131,6,5618.25144015493,1.606,144.72615709839113
8132,6,5619.25144015493,1.597,161.9861612653483
8133,6,5620.25144015493,1.588,161.1045075320392
8134,6,5621.25144015493,1.579,160.2225297987381
8135,6,5622.25144015493,1.571,141.68073629190434
8136,6,5623.25144015493,1.562,158.55882085804674
8137,6,5624.25144015493,1.553,157.67588912474554
8138,6,5625.25144015493,1.544,156.79263339143657
8139,6,5626.25144015493,1.535,155.90905365813532
8140,6,5627.25144015493,1.527,137.84515127803527
8141,6,5628.25144015493,1.518,154.24223071744407
8142,6,5629.25144015493,1.509,153.35769698414276
8143,6,5630.25144015493,1.502,118.66880960414368
8144,6,5631.25144015493,1.493,151.7903825693744
8145,6,5632.25144015493,1.484,150.90491283607304
8146,6,5633.25144015493,1.475,150.01911910276422
8147,6,5634.25144015493,1.466,149.13300136946282
8148,6,5635.25144015493,1.457,148.24655963615405
8149,6,5636.25144015493,1.448,147.35979390285257
8150,6,5637.25144015493,1.439,146.47270416954387
8151,6,5638.25144015493,1.429,161.70505130364353
8152,6,5639.25144015493,1.422,112.54254099117382
8153,6,5640.25144015493,1.415,112.00975335003507
8154,6,5641.25144015493,1.405,159.08329061236915
8155,6,5642.25144015493,1.396,142.2355165548675
8156,6,5643.25144015493,1.389,110.0151868258187
8157,6,5644.25144015493,1.381,125.07661191383336
8158,6,5645.25144015493,1.375,93.349877814402
8159,6,5646.25144015493,1.368,108.41367390241318
8160,6,5647.25144015493,1.36,123.24561542994131
8161,6,5648.25144015493,1.353,107.26594309998407
8162,6,5649.25144015493,1.346,106.73130745884549
8163,6,5650.25144015493,1.337,136.4366215254229
8164,6,5651.25144015493,1.327,150.54933836572746
8165,6,5652.25144015493,1.318,134.55184553288657
8166,6,5653.25144015493,1.309,133.65982379958476
8167,6,5654.25144015493,1.299,147.4628775592407
8168,6,5655.25144015493,1.289,146.3579072712097
8169,6,5656.25144015493,1.279,145.25253698317871
8170,6,5657.25144015493,1.27,129.78300528859276
8171,6,5658.25144015493,1.263,100.32645628538873
8172,6,5659.25144015493,1.259,57.090528528282974
8173,6,5660.25144015493,1.253,85.31130970601517
8174,6,5661.25144015493,1.246,99.0322714426287
8175,6,5662.25144015493,1.239,98.49486380149354
8176,6,5663.25144015493,1.231,111.90584845746152
8177,6,5664.25144015493,1.224,97.3401609990641
8178,6,5665.25144015493,1.218,83.0072641011501
8179,6,5666.25144015493,1.213,68.87328625508171
8180,6,5667.25144015493,1.206,95.96356863614503
8181,6,5668.25144015493,1.198,109.0118116970597
8182,6,5669.25144015493,1.192,81.29706565182175
8183,6,5670.25144015493,1.187,67.44764088064144
8184,6,5671.25144015493,1.181,80.57714046172131
8185,6,5672.25144015493,1.176,66.8474832222274
8186,6,5673.25144015493,1.17,79.85668727162086
8187,6,5674.25144015493,1.163,92.66620026916877
8188,6,5675.25144015493,1.155,105.2418627062331
8189,6,5676.25144015493,1.148,91.50684946673915
8190,6,5677.25144015493,1.142,78.0054347877288
8191,6,5678.25144015493,1.137,64.70367516056405
8192,6,5679.25144015493,1.131,77.28325359762836
8193,6,5680.25144015493,1.126,64.10163750214986
8194,6,5681.25144015493,1.12,76.56054440752507
8195,6,5682.25144015493,1.113,88.81927226106319
8196,6,5683.25144015493,1.108,63.11250724291915
8197,6,5684.25144015493,1.102,75.37317409645443
8198,6,5685.25144015493,1.095,87.43348189814414
8199,6,5686.25144015493,1.089,74.51263887179026
8200,6,5687.25144015493,1.082,86.42916013603318
8201,6,5688.25144015493,1.076,73.6514796471261
8202,6,5689.25144015493,1.07,73.25480154343495
8203,6,5690.25144015493,1.063,84.96114425295468
8204,6,5691.25144015493,1.055,96.4325644019852
8205,6,5692.25144015493,1.048,83.79563345051946
8206,6,5693.25144015493,1.04,95.10007205634804
8207,6,5694.25144015493,1.034,70.85926492128802
8208,6,5695.25144015493,1.029,58.746518605199455
8209,6,5696.25144015493,1.023,70.13224773118755
8210,6,5697.25144015493,1.019,46.5351497631855
8211,6,5698.25144015493,1.013,69.47308155836896
8212,6,5699.25144015493,1.005,92.00871524986125
8213,6,5700.25144015493,0.998,79.92322544241107
8214,6,5701.25144015493,0.99,90.67270290422408
8215,6,5702.25144015493,0.983,78.7537946399798
8216,6,5703.25144015493,0.979,44.75911730233593
8217,6,5704.25144015493,0.973,66.80819286709459
8218,6,5705.25144015493,0.967,66.40912676340344
8219,6,5706.25144015493,0.962,55.036795140294345
8220,6,5707.25144015493,0.954,87.48075007469484
8221,6,5708.25144015493,0.947,75.95970191414172
8222,6,5709.25144015493,0.94,75.41350227300653
8223,6,5710.25144015493,0.932,85.51672556775911
8224,6,5711.25144015493,0.926,63.66903105484722
8225,6,5712.25144015493,0.921,52.752642049830825
8226,6,5713.25144015493,0.915,62.937177864746765
8227,6,5714.25144015493,0.908,72.91956262781713
8228,6,5715.25144015493,0.902,62.06763064008259
8229,6,5716.25144015493,0.895,71.90472686570892
8230,6,5717.25144015493,0.889,61.19745941541842
8231,6,5718.25144015493,0.881,80.97044039259387
8232,6,5719.25144015493,0.876,50.243623901761104
8233,6,5720.25144015493,0.868,79.80894809304165
8234,6,5721.25144015493,0.861,69.24430618019518
8235,6,5722.25144015493,0.854,68.69562853906
8236,6,5723.25144015493,0.848,58.44584370686219
8237,6,5724.25144015493,0.843,48.398545926509975
8238,6,5725.25144015493,0.837,57.71053451676174
8239,6,5726.25144015493,0.834,28.70569846949669
8240,6,5727.25144015493,0.83,38.12058558567124
8241,6,5728.25144015493,0.825,47.40128066728208
8242,6,5729.25144015493,0.819,56.513336205688276
8243,6,5730.25144015493,0.812,65.42228069224785
8244,6,5731.25144015493,0.807,46.3944804080542
8245,6,5732.25144015493,0.804,27.7039712102688
8246,6,5733.25144015493,0.797,64.25254888981635
8247,6,5734.25144015493,0.791,54.63594772179622
8248,6,5735.25144015493,0.784,63.23114712770816
8249,6,5736.25144015493,0.778,53.76014849713205
8250,6,5737.25144015493,0.772,53.3564383934409
8251,6,5738.25144015493,0.767,44.155844831992226
8252,6,5739.25144015493,0.761,52.61745720334044
8253,6,5740.25144015493,0.755,52.213327099649284
8254,6,5741.25144015493,0.748,60.40370640187007
8255,6,5742.25144015493,0.74,68.35576114360434
8256,6,5743.25144015493,0.734,50.79331573673024
8257,6,5744.25144015493,0.728,50.38857363303909
8258,6,5745.25144015493,0.723,41.68179919832405
8259,6,5746.25144015493,0.719,33.144378306813664
8260,6,5747.25144015493,0.713,49.3803843738112
8261,6,5748.25144015493,0.707,48.97510227012004
8262,6,5749.25144015493,0.703,32.42577812247383
8263,6,5750.25144015493,0.7,24.20280831161212
8264,6,5751.25144015493,0.694,48.10346704545587
8265,6,5752.25144015493,0.688,47.69766894176472
8266,6,5753.25144015493,0.683,39.438538622261206
8267,6,5754.25144015493,0.677,46.95469175166427
8268,6,5755.25144015493,0.67,54.266265829220885
8269,6,5756.25144015493,0.666,30.761407696187973
8270,6,5757.25144015493,0.661,38.199363305427994
8271,6,5758.25144015493,0.655,45.46715337146337
8272,6,5759.25144015493,0.649,45.06038326777221
8273,6,5760.25144015493,0.644,37.24002556060165
8274,6,5761.25144015493,0.64,29.589787396635746
8275,6,5762.25144015493,0.635,36.73435293098771
8276,6,5763.25144015493,0.631,29.18510529294459
8277,6,5764.25144015493,0.625,43.43939885300759
8278,6,5765.25144015493,0.618,50.163452780788084
8279,6,5766.25144015493,0.612,42.554935628343415
8280,6,5767.25144015493,0.605,49.13121501867989
8281,6,5768.25144015493,0.599,41.66984840367925
8282,6,5769.25144015493,0.594,34.41358484052419
8283,6,5770.25144015493,0.588,40.922623213578795
8284,6,5771.25144015493,0.584,27.055626751446333
8285,6,5772.25144015493,0.577,46.91108745413915
8286,6,5773.25144015493,0.572,33.1673295236901
8287,6,5774.25144015493,0.568,26.3305865671065
8288,6,5775.25144015493,0.562,39.156204764249736
8289,6,5776.25144015493,0.558,25.87760645189411
8290,6,5777.25144015493,0.553,32.09263175006067
8291,6,5778.25144015493,0.545,50.75616065032095
8292,6,5779.25144015493,0.54,31.352439062840524
8293,6,5780.25144015493,0.533,43.41546856700372
8294,6,5781.25144015493,0.527,36.76875915938539
8295,6,5782.25144015493,0.523,24.285456048650726
8296,6,5783.25144015493,0.518,30.10182374600644
8297,6,5784.25144015493,0.512,35.7466739001575
8298,6,5785.25144015493,0.505,41.18520500246298
8299,6,5786.25144015493,0.498,40.6252713613278
8300,6,5787.25144015493,0.492,34.37627355452031
8301,6,5788.25144015493,0.487,28.333490799558405
8302,6,5789.25144015493,0.479,44.739335129517336
8303,6,5790.25144015493,0.474,27.590548112338265
8304,6,5791.25144015493,0.466,43.55021082996481
8305,6,5792.25144015493,0.459,37.5048280750032
8306,6,5793.25144015493,0.453,31.700671880527803
8307,6,5794.25144015493,0.447,31.28895777683665
8308,6,5795.25144015493,0.441,30.877099673145494
8309,6,5796.25144015493,0.436,25.41656256507939
8310,6,5797.25144015493,0.428,40.070601954350906
8311,6,5798.25144015493,0.423,24.67155987785925
8312,6,5799.25144015493,0.417,29.22822725838087
8313,6,5800.25144015493,0.412,24.042042219442205
8314,6,5801.25144015493,0.408,19.028104723708186
8315,6,5802.25144015493,0.404,18.845712677622966
8316,6,5803.25144015493,0.399,23.300054532222063
8317,6,5804.25144015493,0.393,27.581802843616252
8318,6,5805.25144015493,0.388,22.669506873805023
8319,6,5806.25144015493,0.38,35.67360884831192
8320,6,5807.25144015493,0.373,30.610022341056663
8321,6,5808.25144015493,0.367,25.78863639428791
8322,6,5809.25144015493,0.362,21.174721499364736
8323,6,5810.25144015493,0.356,25.03056320418746
8324,6,5811.25144015493,0.35,24.616461100496302
8325,6,5812.25144015493,0.344,24.202214996805147
8326,6,5813.25144015493,0.339,19.85225366812888
8327,6,5814.25144015493,0.333,23.443061806704698
8328,6,5815.25144015493,0.328,19.21940600971206
8329,6,5816.25144015493,0.32,30.151447465763184
8330,6,5817.25144015493,0.313,25.77624113132652
8331,6,5818.25144015493,0.306,25.210483490191333
8332,6,5819.25144015493,0.301,17.661428120870227
8333,6,5820.25144015493,0.297,13.922041444850604
8334,6,5821.25144015493,0.292,17.14358549125628
8335,6,5822.25144015493,0.286,20.191567994457312
8336,6,5823.25144015493,0.283,9.940290208344473
8337,6,5824.25144015493,0.28,9.837160682421503
8338,6,5825.25144015493,0.275,16.165072746429946
8339,6,5826.25144015493,0.27,15.876535174422198
8340,6,5827.25144015493,0.264,18.67051361425641
8341,6,5828.25144015493,0.256,24.24552599104453
8342,6,5829.25144015493,0.251,14.77715240079276
8343,6,5830.25144015493,0.248,8.727886405911937
8344,6,5831.25144015493,0.246,5.761276422873076
8345,6,5832.25144015493,0.243,8.55591286270729
8346,6,5833.25144015493,0.24,8.4523813367845
8347,6,5834.25144015493,0.236,11.108414742054995
8348,6,5835.25144015493,0.231,13.625312112761698
8349,6,5836.25144015493,0.226,13.335834540754027
8350,6,5837.25144015493,0.223,7.862777689888698
8351,6,5838.25144015493,0.219,10.322028546193925
8352,6,5839.25144015493,0.214,12.641979367935434
8353,6,5840.25144015493,0.207,17.211220994136593
8354,6,5841.25144015493,0.202,11.945359195116776
8355,6,5842.25144015493,0.198,9.347602304247896
8356,6,5843.25144015493,0.192,13.673208369962548
8357,6,5844.25144015493,0.189,6.679979396097091
8358,6,5845.25144015493,0.184,10.901393935888953
8359,6,5846.25144015493,0.178,12.698058128016518
8360,6,5847.25144015493,0.173,10.26192627747191
8361,6,5848.25144015493,0.167,11.930432937916011
8362,6,5849.25144015493,0.161,11.511326834224912
8363,6,5850.25144015493,0.155,11.092076730533757
8364,6,5851.25144015493,0.149,10.672682626842601
8365,6,5852.25144015493,0.142,11.921036183595602
8366,6,5853.25144015493,0.136,9.763223402178387
8367,6,5854.25144015493,0.13,9.343385298487277
8368,6,5855.25144015493,0.123,10.36965030051439
8369,6,5856.25144015493,0.116,9.797508659379186
8370,6,5857.25144015493,0.109,9.225171018244023
8371,6,5858.25144015493,0.102,8.652637377108839
8372,6,5859.25144015493,9.6e-2,6.960790710904046
8373,6,5860.25144015493,9.0e-2,6.540040607212907
8374,6,5861.25144015493,8.2e-2,8.065081981653176
8375,6,5862.25144015493,7.5e-2,6.442614332730273
8376,6,5863.25144015493,6.7e-2,6.6606536360159945
8377,6,5864.25144015493,5.9e-2,5.911165451676174
8378,6,5865.25144015493,5.2e-2,4.557300369000379
8379,6,5866.25144015493,4.7e-2,2.9037944628766885
8380,6,5867.25144015493,4.3e-2,2.1122105184557767
8381,6,5868.25144015493,3.8e-2,2.3766418332627453
8382,6,5869.25144015493,3.2e-2,2.46508560486507
8383,6,5870.25144015493,2.8e-2,1.408860345637183
8384,6,5871.25144015493,2.2e-2,1.7613754320464794
8385,6,5872.25144015493,1.8e-2,0.9395602304247888
8386,6,5873.25144015493,1.7e-2,0.20556380040542202
8387,6,5874.25144015493,1.6e-2,0.19385029752511287
0,7,5874.776603123972,0.0,1.5039428103997368
